   9.1285800e-01  -3.3454500e-01   0.0000000e+00
   1.7027100e-01  -9.2534600e-01   0.0000000e+00
   5.2303100e-01   9.2295700e-01   1.0000000e+00
  -9.2369500e-01   1.3644000e-01   0.0000000e+00
   3.6724800e-01  -4.9954600e-01   0.0000000e+00
   1.4652200e+00  -4.7037600e-01   1.0000000e+00
   1.7021800e+00  -1.1313620e+00   1.0000000e+00
   1.8044780e+00   1.3805900e+00   1.0000000e+00
  -1.7331820e+00  -1.7130420e+00   1.0000000e+00
   1.7845520e+00  -5.4992200e-01   1.0000000e+00
  -1.3467000e-02  -1.5616530e+00   1.0000000e+00
  -1.7278900e+00   1.6543220e+00   1.0000000e+00
  -1.3854330e+00  -1.8379660e+00   1.0000000e+00
  -8.1570800e-01  -1.0882820e+00   1.0000000e+00
  -1.3250040e+00  -5.9504900e-01   1.0000000e+00
   9.4077800e-01   1.5639300e+00   1.0000000e+00
   1.5187880e+00  -6.4151000e-02   1.0000000e+00
   1.4056940e+00  -1.1623460e+00   1.0000000e+00
   6.8811700e-01  -7.2738700e-01   1.0000000e+00
   1.1939850e+00   1.5971430e+00   1.0000000e+00
  -1.5980790e+00  -1.9720520e+00   1.0000000e+00
   9.0674000e-02  -1.3044560e+00   1.0000000e+00
  -1.7652470e+00   1.0709550e+00   1.0000000e+00
   1.2545840e+00  -1.2977170e+00   1.0000000e+00
  -6.1725900e-01   2.9359000e-02   0.0000000e+00
   1.3156960e+00  -8.2479100e-01   1.0000000e+00
   8.9985300e-01   1.4930020e+00   1.0000000e+00
  -6.5082500e-01   1.2939370e+00   1.0000000e+00
  -1.1541440e+00   1.9952880e+00   1.0000000e+00
  -6.4064000e-01  -5.0182800e-01   0.0000000e+00
  -1.6283300e-01   3.2378000e-02   0.0000000e+00
   1.1498900e-01   9.9399400e-01   1.0000000e+00
  -3.9517700e-01  -4.0033900e-01   0.0000000e+00
   1.0076890e+00   1.7266210e+00   1.0000000e+00
  -1.8922440e+00  -2.8925600e-01   1.0000000e+00
  -5.0140200e-01  -1.8311230e+00   1.0000000e+00
  -1.2532750e+00  -1.3697880e+00   1.0000000e+00
  -5.1207200e-01  -5.5459300e-01   0.0000000e+00
  -6.7660900e-01  -1.7645840e+00   1.0000000e+00
  -1.9259520e+00   1.3734410e+00   1.0000000e+00
   7.4092300e-01   1.5599350e+00   1.0000000e+00
   6.8935200e-01  -1.7644230e+00   1.0000000e+00
   1.3321450e+00  -1.1900300e+00   1.0000000e+00
  -2.5444700e-01  -1.6505210e+00   1.0000000e+00
   5.4296600e-01   2.9229200e-01   0.0000000e+00
   6.6046000e-01  -2.5203900e-01   0.0000000e+00
  -5.7691000e-01  -1.6447500e+00   1.0000000e+00
  -7.2586000e-01   1.1028930e+00   1.0000000e+00
   7.5909200e-01   9.3571000e-01   1.0000000e+00
  -1.8947440e+00  -1.4190900e+00   1.0000000e+00
   1.7596840e+00   4.6331400e-01   1.0000000e+00
   5.0617200e-01   1.1928270e+00   1.0000000e+00
  -1.4595940e+00   1.2809240e+00   1.0000000e+00
   1.7540510e+00  -5.2549900e-01   1.0000000e+00
  -1.2856800e-01   1.2397480e+00   1.0000000e+00
   1.7328180e+00  -1.7572800e+00   1.0000000e+00
   1.8929870e+00  -1.6369970e+00   1.0000000e+00
  -8.6255300e-01   1.2223430e+00   1.0000000e+00
   1.5523500e-01   1.8792400e-01   0.0000000e+00
  -1.9496980e+00   1.5804970e+00   1.0000000e+00
  -1.3713960e+00  -1.2525650e+00   1.0000000e+00
  -5.9341300e-01   1.3298420e+00   1.0000000e+00
   1.0925070e+00  -1.7494410e+00   1.0000000e+00
  -7.1919700e-01   4.0011800e-01   0.0000000e+00
   2.1391300e-01  -1.7597110e+00   1.0000000e+00
  -4.7951100e-01  -1.0658680e+00   1.0000000e+00
   1.0008390e+00  -1.1211750e+00   1.0000000e+00
   1.9402940e+00  -9.6299800e-01   1.0000000e+00
  -2.1153300e-01   3.9714100e-01   0.0000000e+00
  -1.7014900e+00   7.7966200e-01   1.0000000e+00
  -1.5982480e+00   1.6885120e+00   1.0000000e+00
  -6.5509800e-01   6.2230200e-01   0.0000000e+00
  -8.3116500e-01   5.3457300e-01   0.0000000e+00
   1.6679000e+00  -3.9280700e-01   1.0000000e+00
   1.9049000e-02  -5.6863200e-01   0.0000000e+00
   3.1689600e-01  -1.8405000e-01   0.0000000e+00
  -1.7932640e+00   1.3557340e+00   1.0000000e+00
  -9.3293200e-01  -4.3994600e-01   1.0000000e+00
   1.1315070e+00   1.5587040e+00   1.0000000e+00
   1.5211100e-01   1.2457940e+00   1.0000000e+00
   1.7590490e+00   1.2890070e+00   1.0000000e+00
   1.5043900e-01   1.4595810e+00   1.0000000e+00
  -3.4820400e-01  -6.4502100e-01   0.0000000e+00
   1.8563570e+00  -1.7469440e+00   1.0000000e+00
   3.9649700e-01  -9.3255000e-01   1.0000000e+00
   1.7650640e+00  -1.6297200e+00   1.0000000e+00
   1.0440290e+00   6.8524000e-01   1.0000000e+00
  -1.5565190e+00   1.7796620e+00   1.0000000e+00
  -8.5947000e-01   6.2523500e-01   1.0000000e+00
  -1.1496130e+00  -3.3456000e-01   1.0000000e+00
  -3.4093400e-01  -1.0335750e+00   1.0000000e+00
   6.6850000e-03  -5.9603400e-01   0.0000000e+00
   1.3648150e+00   7.9896200e-01   1.0000000e+00
   1.1184250e+00  -4.5132000e-02   1.0000000e+00
   3.3461700e-01   1.2814900e+00   1.0000000e+00
   7.5930000e-02  -6.8014700e-01   0.0000000e+00
  -8.0367900e-01  -1.6237300e+00   1.0000000e+00
   7.6060600e-01   1.3270470e+00   1.0000000e+00
   5.1163600e-01  -2.9329000e-01   0.0000000e+00
   1.1056470e+00  -9.7220100e-01   1.0000000e+00
   1.4719750e+00   4.2357100e-01   1.0000000e+00
  -1.8942140e+00   3.0850100e-01   1.0000000e+00
   4.6206600e-01   1.8457870e+00   1.0000000e+00
  -1.2068330e+00  -1.7464860e+00   1.0000000e+00
   1.4590560e+00   8.7773600e-01   1.0000000e+00
   1.7127980e+00   1.6080380e+00   1.0000000e+00
   1.3890210e+00  -1.2192630e+00   1.0000000e+00
  -1.8447750e+00   1.5906720e+00   1.0000000e+00
   1.0887900e-01   1.2864230e+00   1.0000000e+00
  -5.4470900e-01   6.6378200e-01   0.0000000e+00
  -1.7194890e+00   6.2670400e-01   1.0000000e+00
  -1.0069700e+00   1.4216700e-01   1.0000000e+00
  -1.7637420e+00  -1.4078420e+00   1.0000000e+00
  -1.0746290e+00   4.6149100e-01   1.0000000e+00
   1.7417590e+00  -5.0434000e-01   1.0000000e+00
   1.2268650e+00  -2.4506800e-01   1.0000000e+00
  -1.8477260e+00   3.9666000e-01   1.0000000e+00
   1.8725820e+00   1.5118750e+00   1.0000000e+00
   1.7201870e+00  -1.5363460e+00   1.0000000e+00
  -1.8163100e+00   1.9429580e+00   1.0000000e+00
  -6.8191900e-01   1.4290180e+00   1.0000000e+00
   8.6608300e-01  -2.3357500e-01   0.0000000e+00
  -1.8741680e+00   1.3264790e+00   1.0000000e+00
  -1.0286280e+00  -8.2942100e-01   1.0000000e+00
  -7.7385700e-01   4.3744000e-02   0.0000000e+00
   1.3359960e+00   1.0049490e+00   1.0000000e+00
   8.7315000e-02  -4.7869300e-01   0.0000000e+00
  -1.5380590e+00  -9.3493200e-01   1.0000000e+00
  -1.4427900e+00  -9.4958400e-01   1.0000000e+00
  -3.8183500e-01   3.3049800e-01   0.0000000e+00
  -1.3627450e+00  -2.2751800e-01   1.0000000e+00
   1.7778130e+00  -2.1408500e-01   1.0000000e+00
  -1.4806420e+00   1.9147920e+00   1.0000000e+00
  -1.0888860e+00   1.1654440e+00   1.0000000e+00
  -1.8930150e+00  -1.1541100e+00   1.0000000e+00
   1.5631570e+00   1.7942830e+00   1.0000000e+00
   8.8360100e-01  -1.7657950e+00   1.0000000e+00
  -1.1838090e+00  -1.9042080e+00   1.0000000e+00
  -6.3765600e-01  -1.1660620e+00   1.0000000e+00
   3.8516000e-01  -8.2285900e-01   0.0000000e+00
   4.4994200e-01  -5.3588700e-01   0.0000000e+00
  -1.7370100e+00   1.4002570e+00   1.0000000e+00
  -1.2937070e+00   1.7670370e+00   1.0000000e+00
  -1.3062020e+00  -1.7448020e+00   1.0000000e+00
   1.4258990e+00  -3.6169500e-01   1.0000000e+00
   3.1815400e-01   1.7897950e+00   1.0000000e+00
  -1.1926770e+00  -1.1085580e+00   1.0000000e+00
   7.0171200e-01  -1.8097370e+00   1.0000000e+00
  -1.6021250e+00  -1.9711080e+00   1.0000000e+00
  -1.9835510e+00  -1.1201280e+00   1.0000000e+00
   2.4680700e-01   6.9376400e-01   0.0000000e+00
  -5.7411800e-01  -1.4725800e+00   1.0000000e+00
  -2.7208700e-01   8.1739000e-01   0.0000000e+00
  -9.0370800e-01  -4.6045800e-01   1.0000000e+00
   2.3227000e-02  -5.5134600e-01   0.0000000e+00
  -9.4816100e-01   1.8503960e+00   1.0000000e+00
  -1.9767030e+00  -1.6497240e+00   1.0000000e+00
   1.7000390e+00  -9.7735600e-01   1.0000000e+00
  -2.2029000e-02  -3.4952900e-01   0.0000000e+00
  -1.1157500e+00   8.1571300e-01   1.0000000e+00
   1.5402110e+00   9.9191400e-01   1.0000000e+00
  -1.5186620e+00  -1.8502530e+00   1.0000000e+00
   1.2797100e-01   1.1253750e+00   1.0000000e+00
  -1.3186950e+00  -7.3212800e-01   1.0000000e+00
   1.8623520e+00  -3.4231300e-01   1.0000000e+00
   1.7805030e+00  -1.6483870e+00   1.0000000e+00
  -3.3347000e-02  -6.0249700e-01   0.0000000e+00
  -1.3309650e+00  -1.4823060e+00   1.0000000e+00
   8.4355300e-01  -7.8269100e-01   1.0000000e+00
   1.0270830e+00   1.7848690e+00   1.0000000e+00
  -8.0515000e-02   1.0805120e+00   1.0000000e+00
   1.3460330e+00   1.2852290e+00   1.0000000e+00
   1.3483200e+00  -1.5408700e+00   1.0000000e+00
   2.8130100e-01  -1.1867570e+00   1.0000000e+00
   1.1323380e+00   3.7039300e-01   1.0000000e+00
  -9.7010000e-02  -1.9572350e+00   1.0000000e+00
   1.1106560e+00  -9.1274700e-01   1.0000000e+00
   1.5839810e+00   6.4360600e-01   1.0000000e+00
   1.8256830e+00  -1.1970000e+00   1.0000000e+00
  -1.4747930e+00   7.4289000e-01   1.0000000e+00
   5.0565800e-01  -1.5708560e+00   1.0000000e+00
   9.9835100e-01  -2.1202000e-01   1.0000000e+00
  -1.2364840e+00  -1.4918400e+00   1.0000000e+00
  -2.2497300e-01   7.9098000e-02   0.0000000e+00
  -8.3200900e-01  -9.7290300e-01   1.0000000e+00
  -2.5591400e-01  -1.3602770e+00   1.0000000e+00
   7.1978600e-01  -3.1314000e-01   0.0000000e+00
  -9.8801900e-01   2.3476800e-01   1.0000000e+00
   1.4885670e+00  -7.9736000e-01   1.0000000e+00
   1.4481300e-01   9.4231600e-01   0.0000000e+00
   1.6495500e+00  -6.3930100e-01   1.0000000e+00
  -1.3634100e-01  -1.8212310e+00   1.0000000e+00
  -5.0746000e-01  -3.6725900e-01   0.0000000e+00
   7.7395600e-01  -7.1127500e-01   1.0000000e+00
   1.0276660e+00  -5.6674300e-01   1.0000000e+00
   1.6338100e+00  -1.7831220e+00   1.0000000e+00
  -1.7507970e+00   9.9403100e-01   1.0000000e+00
   1.1338280e+00  -1.6810500e+00   1.0000000e+00
  -1.3285200e+00  -8.2982800e-01   1.0000000e+00
   1.3313970e+00  -3.3372700e-01   1.0000000e+00
  -1.4821600e+00   7.9912700e-01   1.0000000e+00
  -3.1809000e-02  -1.0836230e+00   1.0000000e+00
   1.3574800e+00   1.1959300e+00   1.0000000e+00
   3.1427700e-01   1.0431730e+00   1.0000000e+00
  -8.9747900e-01  -6.3698900e-01   1.0000000e+00
  -5.5062900e-01  -1.0758720e+00   1.0000000e+00
   1.3736600e-01   8.3512600e-01   0.0000000e+00
   1.7528280e+00  -3.7421300e-01   1.0000000e+00
  -8.6675000e-01   1.7799390e+00   1.0000000e+00
   5.5923100e-01   6.1475100e-01   0.0000000e+00
  -1.8490310e+00  -1.5863830e+00   1.0000000e+00
   1.0287910e+00   1.1231920e+00   1.0000000e+00
  -1.2503890e+00   7.8987400e-01   1.0000000e+00
   3.8516000e-02  -1.5688820e+00   1.0000000e+00
   3.6814500e-01  -1.1746310e+00   1.0000000e+00
  -1.0437420e+00   1.7339110e+00   1.0000000e+00
  -5.6736000e-02  -1.1811760e+00   1.0000000e+00
   1.6824800e+00  -1.8378920e+00   1.0000000e+00
  -5.4986700e-01   1.6959800e-01   0.0000000e+00
  -1.7458420e+00  -1.9824710e+00   1.0000000e+00
   4.2605500e-01   3.0358700e-01   0.0000000e+00
  -1.3035890e+00  -2.1544300e-01   1.0000000e+00
   5.2505300e-01   1.3860470e+00   1.0000000e+00
  -5.7272800e-01   3.7366700e-01   0.0000000e+00
   7.6428700e-01  -1.7868260e+00   1.0000000e+00
  -1.7798730e+00   7.5036800e-01   1.0000000e+00
  -6.9248800e-01  -1.4854430e+00   1.0000000e+00
   4.5126500e-01   1.7660720e+00   1.0000000e+00
   1.9312940e+00  -1.8440770e+00   1.0000000e+00
  -1.8135400e-01   8.2181300e-01   0.0000000e+00
  -9.8668900e-01   1.0633310e+00   1.0000000e+00
  -1.8511110e+00   8.0459500e-01   1.0000000e+00
   2.5908000e-01  -4.2093800e-01   0.0000000e+00
  -1.8171630e+00   1.5741050e+00   1.0000000e+00
   1.7511480e+00  -1.2100600e-01   1.0000000e+00
  -1.8432000e-01   4.6236000e-01   0.0000000e+00
   1.4786380e+00  -1.4770480e+00   1.0000000e+00
   1.7081590e+00   1.3410000e+00   1.0000000e+00
   7.2608800e-01  -2.1291100e-01   0.0000000e+00
  -5.7102700e-01   1.6865750e+00   1.0000000e+00
   1.2065780e+00   1.0816080e+00   1.0000000e+00
   3.0503300e-01  -1.1396230e+00   1.0000000e+00
   7.2105500e-01  -1.4348200e+00   1.0000000e+00
   3.2970900e-01  -1.5480810e+00   1.0000000e+00
   1.6362470e+00  -1.1011480e+00   1.0000000e+00
   1.5934660e+00  -1.1123810e+00   1.0000000e+00
  -1.7466000e-01  -1.1121940e+00   1.0000000e+00
  -1.2713270e+00  -2.1179100e-01   1.0000000e+00
  -6.8861800e-01  -7.6117200e-01   1.0000000e+00
  -1.9048430e+00   1.2728310e+00   1.0000000e+00
  -1.9713180e+00   3.4912100e-01   1.0000000e+00
   1.2141270e+00   1.4847940e+00   1.0000000e+00
  -1.0298050e+00   9.4189600e-01   1.0000000e+00
   1.1702740e+00   8.0839600e-01   1.0000000e+00
   1.1959990e+00   1.4173270e+00   1.0000000e+00
  -1.1798820e+00  -1.4643100e+00   1.0000000e+00
  -3.3168000e-02  -1.4859920e+00   1.0000000e+00
   1.4001870e+00  -1.7027900e-01   1.0000000e+00
   5.0271200e-01  -8.4198800e-01   0.0000000e+00
  -1.1408710e+00   6.8348800e-01   1.0000000e+00
   1.8910940e+00  -1.0733480e+00   1.0000000e+00
   1.4754100e-01  -1.1639070e+00   1.0000000e+00
   1.3385620e+00   4.3948200e-01   1.0000000e+00
   1.2622150e+00   4.4927100e-01   1.0000000e+00
   2.1931300e-01   1.9800820e+00   1.0000000e+00
  -2.8588800e-01   1.9590990e+00   1.0000000e+00
  -8.3077800e-01   8.9136800e-01   1.0000000e+00
   1.2106130e+00   1.3135740e+00   1.0000000e+00
   1.9550580e+00  -5.3778600e-01   1.0000000e+00
   3.3545000e-02  -1.4157460e+00   1.0000000e+00
  -1.2368030e+00   1.1299570e+00   1.0000000e+00
   1.6464300e-01   5.8578400e-01   0.0000000e+00
  -1.0052200e+00   1.9659420e+00   1.0000000e+00
  -4.3381700e-01   1.1001400e+00   1.0000000e+00
  -1.1736140e+00   1.8817720e+00   1.0000000e+00
   1.1430940e+00  -1.4165640e+00   1.0000000e+00
  -1.0731000e-01   8.7223300e-01   0.0000000e+00
  -1.0805600e-01  -8.5009800e-01   0.0000000e+00
   8.7276800e-01   4.1226800e-01   0.0000000e+00
  -1.4879800e+00  -1.2746400e-01   1.0000000e+00
   1.8032100e+00   2.7454100e-01   1.0000000e+00
   9.3936000e-01   1.6613900e+00   1.0000000e+00
   4.7455200e-01  -3.3350400e-01   0.0000000e+00
   2.4652000e-01  -1.6448700e+00   1.0000000e+00
  -1.0889490e+00   1.0698620e+00   1.0000000e+00
   1.5402730e+00  -5.1156200e-01   1.0000000e+00
   5.6128000e-02  -4.5988000e-02   0.0000000e+00
  -3.2543600e-01  -8.2854200e-01   0.0000000e+00
   1.1012180e+00   4.4871600e-01   1.0000000e+00
   7.8885500e-01   1.3966310e+00   1.0000000e+00
   1.9611010e+00   5.5438300e-01   1.0000000e+00
   3.7164200e-01  -8.5000000e-03   0.0000000e+00
  -1.3746630e+00   1.6865600e+00   1.0000000e+00
  -1.4768390e+00  -6.1127000e-01   1.0000000e+00
  -1.3185720e+00  -1.9116840e+00   1.0000000e+00
  -1.7359210e+00  -1.8067390e+00   1.0000000e+00
  -4.9888600e-01   1.1846080e+00   1.0000000e+00
   9.0543500e-01   1.8835680e+00   1.0000000e+00
  -4.4358500e-01   9.6662100e-01   1.0000000e+00
  -1.8559360e+00  -8.8485800e-01   1.0000000e+00
  -1.9773830e+00   8.5631400e-01   1.0000000e+00
   6.2464500e-01  -1.6075520e+00   1.0000000e+00
   1.0106340e+00   1.6559270e+00   1.0000000e+00
  -1.7295440e+00   1.1386780e+00   1.0000000e+00
  -6.4291500e-01  -1.3927430e+00   1.0000000e+00
  -1.0432000e-02  -3.1565000e-01   0.0000000e+00
  -7.5270400e-01   1.8193730e+00   1.0000000e+00
   6.8807500e-01  -1.2420510e+00   1.0000000e+00
   1.2335660e+00  -9.0633100e-01   1.0000000e+00
   7.0762000e-01  -1.7849120e+00   1.0000000e+00
   1.7228930e+00  -1.4062830e+00   1.0000000e+00
   5.5567100e-01  -1.6778860e+00   1.0000000e+00
   2.9164800e-01   8.4605100e-01   0.0000000e+00
   1.9627100e+00  -1.7199210e+00   1.0000000e+00
  -1.7817930e+00   9.6587000e-02   1.0000000e+00
  -1.6597570e+00   1.1126690e+00   1.0000000e+00
   1.8450030e+00  -1.7140250e+00   1.0000000e+00
  -3.7827400e-01   6.4538000e-01   0.0000000e+00
   7.4112000e-01  -2.6053100e-01   0.0000000e+00
  -3.7583700e-01  -4.2326600e-01   0.0000000e+00
   1.9799660e+00   4.1755400e-01   1.0000000e+00
   1.3515690e+00   1.9852690e+00   1.0000000e+00
  -1.0160310e+00  -1.4888020e+00   1.0000000e+00
  -3.3409300e-01  -1.2080200e+00   1.0000000e+00
  -5.2009200e-01   1.5510610e+00   1.0000000e+00
   1.1672050e+00  -1.7593270e+00   1.0000000e+00
  -1.8715650e+00  -1.6669220e+00   1.0000000e+00
   1.1859050e+00   3.4333200e-01   1.0000000e+00
  -1.8637760e+00  -1.8483170e+00   1.0000000e+00
  -1.9261390e+00  -1.5858680e+00   1.0000000e+00
  -2.1019700e-01  -4.0336400e-01   0.0000000e+00
   1.3500640e+00   1.5084500e-01   1.0000000e+00
   1.1839930e+00  -1.1364690e+00   1.0000000e+00
   1.7474760e+00  -4.5732900e-01   1.0000000e+00
  -1.1947510e+00   1.6551230e+00   1.0000000e+00
   1.4507220e+00  -5.5146700e-01   1.0000000e+00
  -9.7678200e-01   1.6682100e-01   0.0000000e+00
  -1.7612740e+00  -1.2686890e+00   1.0000000e+00
   1.8747200e+00  -6.3398800e-01   1.0000000e+00
  -1.7379780e+00   1.4051030e+00   1.0000000e+00
  -1.0818360e+00   1.8573250e+00   1.0000000e+00
  -1.8676860e+00   1.4670800e-01   1.0000000e+00
  -1.4887120e+00   1.5504690e+00   1.0000000e+00
   7.2013900e-01   9.9884400e-01   1.0000000e+00
  -1.8868150e+00  -1.4410360e+00   1.0000000e+00
   1.4076150e+00  -1.9816120e+00   1.0000000e+00
  -8.7111300e-01   1.1650180e+00   1.0000000e+00
  -3.1204000e-01   5.5974000e-02   0.0000000e+00
   6.1325100e-01  -1.0758590e+00   1.0000000e+00
   1.6863810e+00   8.1450700e-01   1.0000000e+00
  -8.3059800e-01   6.0298900e-01   1.0000000e+00
   1.8672040e+00   1.4726360e+00   1.0000000e+00
   1.1176580e+00  -6.0888500e-01   1.0000000e+00
  -1.6547410e+00  -6.7741500e-01   1.0000000e+00
  -1.2844330e+00  -8.2492300e-01   1.0000000e+00
  -1.2387850e+00  -1.9466560e+00   1.0000000e+00
  -1.6032820e+00  -8.8127000e-01   1.0000000e+00
   1.6396010e+00   1.4312960e+00   1.0000000e+00
  -1.8063010e+00  -1.3955910e+00   1.0000000e+00
   1.6400950e+00   2.0998500e-01   1.0000000e+00
  -1.5118300e+00  -1.7560200e+00   1.0000000e+00
  -5.8534700e-01   1.3848710e+00   1.0000000e+00
  -1.0729140e+00   1.8511670e+00   1.0000000e+00
   2.4289800e-01  -7.9560400e-01   0.0000000e+00
   2.9323600e-01  -1.0671490e+00   1.0000000e+00
  -7.8892500e-01   1.7403910e+00   1.0000000e+00
   1.0937940e+00   1.3685880e+00   1.0000000e+00
  -1.9445410e+00   1.1191620e+00   1.0000000e+00
  -9.3135400e-01   3.0398000e-02   0.0000000e+00
   1.7283100e+00   3.2976600e-01   1.0000000e+00
   1.3532230e+00   3.4585000e-01   1.0000000e+00
  -1.9084670e+00  -3.1788800e-01   1.0000000e+00
   1.8624270e+00   1.3323510e+00   1.0000000e+00
  -4.0835000e-01  -1.3790330e+00   1.0000000e+00
   6.0916000e-02  -1.5626010e+00   1.0000000e+00
   9.2662100e-01   9.2926000e-02   0.0000000e+00
   2.1292200e-01   2.1127800e-01   0.0000000e+00
   1.9329700e+00  -1.3451310e+00   1.0000000e+00
   1.3741400e-01  -1.4025030e+00   1.0000000e+00
   5.6524400e-01  -1.7589800e+00   1.0000000e+00
  -6.5349800e-01  -2.6992800e-01   0.0000000e+00
   1.9293350e+00  -4.0579000e-02   1.0000000e+00
   1.5441250e+00  -1.9789720e+00   1.0000000e+00
  -1.5731610e+00  -9.5425400e-01   1.0000000e+00
   4.8127500e-01  -6.2967900e-01   0.0000000e+00
   1.4844990e+00  -1.9461790e+00   1.0000000e+00
   3.5531300e-01   8.0330400e-01   0.0000000e+00
   1.0623600e+00   1.3969460e+00   1.0000000e+00
   9.9115100e-01  -3.1770200e-01   1.0000000e+00
  -1.4949950e+00   1.2439570e+00   1.0000000e+00
   5.4696000e-01   1.9596640e+00   1.0000000e+00
   1.6142700e+00  -2.6724400e-01   1.0000000e+00
  -6.6497600e-01   1.8486930e+00   1.0000000e+00
  -3.6448000e-02  -2.5902700e-01   0.0000000e+00
  -1.0984640e+00  -1.1702320e+00   1.0000000e+00
   1.0560450e+00  -1.1902900e+00   1.0000000e+00
  -3.8083300e-01   1.0238740e+00   1.0000000e+00
   1.8404320e+00   1.7772510e+00   1.0000000e+00
   4.4957800e-01   1.4419180e+00   1.0000000e+00
  -5.8566600e-01  -3.7317500e-01   0.0000000e+00
  -1.1661480e+00   1.8055490e+00   1.0000000e+00
  -1.6931390e+00  -1.2302200e-01   1.0000000e+00
   3.4116400e-01   8.2911300e-01   0.0000000e+00
  -9.4496200e-01  -3.7368000e-02   0.0000000e+00
   3.3486900e-01  -5.3737500e-01   0.0000000e+00
  -1.8523740e+00   4.5514200e-01   1.0000000e+00
   1.5860570e+00   6.1379300e-01   1.0000000e+00
  -1.2989160e+00  -1.1440750e+00   1.0000000e+00
   8.8375900e-01   2.3483800e-01   0.0000000e+00
  -1.5256050e+00   1.8252230e+00   1.0000000e+00
  -9.2837000e-02   1.5350100e+00   1.0000000e+00
   9.7078700e-01   1.8853210e+00   1.0000000e+00
   1.3420400e-01   5.2722500e-01   0.0000000e+00
   5.4041700e-01  -3.7633500e-01   0.0000000e+00
   1.8296120e+00  -2.2480400e-01   1.0000000e+00
  -1.0278570e+00  -1.9727850e+00   1.0000000e+00
   5.1535400e-01  -6.6067100e-01   0.0000000e+00
   9.8459200e-01   1.0781850e+00   1.0000000e+00
   1.4101130e+00   5.8442700e-01   1.0000000e+00
   6.8342900e-01  -2.0791100e-01   0.0000000e+00
   1.8751060e+00   1.7610910e+00   1.0000000e+00
  -1.9885370e+00   1.9143660e+00   1.0000000e+00
  -1.6801430e+00  -3.1277000e-02   1.0000000e+00
   2.7082000e-01  -2.3324500e-01   0.0000000e+00
  -6.5037900e-01   1.1906250e+00   1.0000000e+00
   4.2800000e-01  -1.5180250e+00   1.0000000e+00
  -1.5022650e+00   1.3094450e+00   1.0000000e+00
   3.2645700e-01   9.8515000e-01   1.0000000e+00
   1.4720140e+00   3.4728900e-01   1.0000000e+00
  -1.4772020e+00  -7.8805200e-01   1.0000000e+00
  -5.4518300e-01   3.4035000e-01   0.0000000e+00
  -1.6437740e+00   2.9950300e-01   1.0000000e+00
  -1.2690520e+00  -1.1741150e+00   1.0000000e+00
   4.5080800e-01  -1.7715840e+00   1.0000000e+00
   1.7064060e+00  -1.0818650e+00   1.0000000e+00
   9.5283000e-01   1.9560690e+00   1.0000000e+00
  -1.9790130e+00   1.2255550e+00   1.0000000e+00
  -1.8613400e-01  -1.8280460e+00   1.0000000e+00
   2.1170100e-01   1.6959200e-01   0.0000000e+00
  -5.5740700e-01  -9.4122000e-01   1.0000000e+00
  -1.8997140e+00   3.6464000e-02   1.0000000e+00
   6.8846600e-01   3.2844500e-01   0.0000000e+00
   7.0945200e-01  -1.8176650e+00   1.0000000e+00
  -4.8610000e-01   1.5032550e+00   1.0000000e+00
  -2.6223100e-01  -6.4198000e-02   0.0000000e+00
   1.3179600e-01  -1.2231580e+00   1.0000000e+00
  -1.7922880e+00   1.9253390e+00   1.0000000e+00
  -1.0743460e+00   1.6105300e+00   1.0000000e+00
  -2.9571100e-01   5.1124500e-01   0.0000000e+00
  -1.4288680e+00  -5.2416100e-01   1.0000000e+00
   1.9524980e+00   1.7134310e+00   1.0000000e+00
   1.3923630e+00   1.5940400e+00   1.0000000e+00
   1.7122820e+00  -1.7917800e+00   1.0000000e+00
   1.4898720e+00  -1.6475630e+00   1.0000000e+00
  -4.2158200e-01  -1.0455210e+00   1.0000000e+00
  -4.9194100e-01  -6.6245700e-01   0.0000000e+00
  -1.8970430e+00   1.4171550e+00   1.0000000e+00
   1.0989780e+00  -1.9396970e+00   1.0000000e+00
  -5.9122100e-01  -9.6614500e-01   1.0000000e+00
  -1.2077440e+00   8.8502600e-01   1.0000000e+00
   7.5750400e-01  -1.6459860e+00   1.0000000e+00
  -1.1518270e+00   1.4480210e+00   1.0000000e+00
  -1.5540410e+00  -1.3333660e+00   1.0000000e+00
   1.7698780e+00  -1.9372700e-01   1.0000000e+00
   1.4206570e+00  -8.6489500e-01   1.0000000e+00
   1.4511150e+00   1.9094200e-01   1.0000000e+00
  -1.4965020e+00   1.8857580e+00   1.0000000e+00
  -1.0820350e+00  -1.4048290e+00   1.0000000e+00
   1.3775630e+00   1.4732730e+00   1.0000000e+00
   1.2273010e+00  -4.6318000e-02   1.0000000e+00
  -8.9410500e-01   3.6362500e-01   0.0000000e+00
  -7.5504900e-01  -1.9864450e+00   1.0000000e+00
  -4.7758500e-01  -5.7775000e-02   0.0000000e+00
  -3.2609300e-01   9.2579000e-01   0.0000000e+00
  -1.7362700e+00   1.4788600e-01   1.0000000e+00
   1.7885980e+00   1.9460510e+00   1.0000000e+00
   1.1610280e+00   6.2080000e-03   1.0000000e+00
   6.0857100e-01  -1.8011040e+00   1.0000000e+00
   1.9011220e+00  -1.5581500e+00   1.0000000e+00
  -1.4770210e+00  -1.1413100e-01   1.0000000e+00
   6.3344000e-02  -1.3395120e+00   1.0000000e+00
   1.2728900e-01  -1.7792000e-01   0.0000000e+00
  -1.4725230e+00   4.6748500e-01   1.0000000e+00
   5.7653100e-01  -1.5400670e+00   1.0000000e+00
  -3.7077000e-01  -1.6697170e+00   1.0000000e+00
   7.6688600e-01  -1.9239600e+00   1.0000000e+00
   7.8107400e-01  -1.6510970e+00   1.0000000e+00
  -7.9296000e-01  -3.4349800e-01   0.0000000e+00
   1.3283170e+00  -2.3190000e-01   1.0000000e+00
   1.0818330e+00   1.4248610e+00   1.0000000e+00
   1.9474730e+00  -1.0378680e+00   1.0000000e+00
   4.4870000e-01   1.3734040e+00   1.0000000e+00
  -5.3744800e-01  -5.0063800e-01   0.0000000e+00
  -1.3970420e+00  -1.9239440e+00   1.0000000e+00
   1.9028010e+00   9.8446300e-01   1.0000000e+00
   8.2505500e-01  -1.3422450e+00   1.0000000e+00
   1.0663430e+00  -1.9201950e+00   1.0000000e+00
  -1.2905520e+00   3.4136800e-01   1.0000000e+00
  -1.0379270e+00   1.1963890e+00   1.0000000e+00
   1.6179530e+00   7.2641600e-01   1.0000000e+00
   9.3519400e-01  -8.0753800e-01   1.0000000e+00
   1.4986970e+00   1.4033800e-01   1.0000000e+00
  -9.2906100e-01  -1.3011730e+00   1.0000000e+00
   1.4072990e+00   1.2903300e-01   1.0000000e+00
   1.3133530e+00  -1.1513950e+00   1.0000000e+00
   1.5181980e+00   7.3756400e-01   1.0000000e+00
  -1.7849950e+00  -4.4735700e-01   1.0000000e+00
  -9.9587800e-01  -1.0816190e+00   1.0000000e+00
   1.4150790e+00   3.0053300e-01   1.0000000e+00
   1.8117690e+00  -1.4769140e+00   1.0000000e+00
  -1.4736470e+00  -8.6057100e-01   1.0000000e+00
  -7.9648500e-01  -1.6944010e+00   1.0000000e+00
  -1.7923630e+00  -4.4262900e-01   1.0000000e+00
   1.8576600e-01   1.4819130e+00   1.0000000e+00
  -2.5321900e-01   4.4692400e-01   0.0000000e+00
  -1.2129160e+00  -5.3298500e-01   1.0000000e+00
  -1.1814540e+00   5.8059900e-01   1.0000000e+00
  -1.6394000e+00   4.6826900e-01   1.0000000e+00
  -1.9819160e+00  -6.4925300e-01   1.0000000e+00
  -1.2514960e+00  -1.3378100e+00   1.0000000e+00
   6.0540000e-01   1.7799050e+00   1.0000000e+00
   3.8289600e-01   3.9843000e-02   0.0000000e+00
   1.7691520e+00   1.8148540e+00   1.0000000e+00
   5.6081100e-01  -1.2038200e-01   0.0000000e+00
  -2.0330000e-01   1.7316050e+00   1.0000000e+00
  -4.9270800e-01   1.1668690e+00   1.0000000e+00
  -1.9648400e+00  -2.2896000e-02   1.0000000e+00
  -1.1332560e+00  -1.9453120e+00   1.0000000e+00
  -2.2723100e-01  -1.0391400e+00   1.0000000e+00
  -6.4252700e-01  -2.4847600e-01   0.0000000e+00
  -1.4394370e+00   1.5519130e+00   1.0000000e+00
  -1.6463550e+00   1.6528770e+00   1.0000000e+00
  -1.9850760e+00   4.9462500e-01   1.0000000e+00
   1.1906610e+00  -1.2315000e-01   1.0000000e+00
  -8.2534800e-01   1.2966020e+00   1.0000000e+00
   8.4540900e-01  -5.4942000e-01   1.0000000e+00
  -2.2601100e-01   6.6702300e-01   0.0000000e+00
  -8.1564400e-01  -6.0683200e-01   1.0000000e+00
  -9.5175100e-01  -1.5049240e+00   1.0000000e+00
  -8.9903200e-01  -1.3428700e-01   0.0000000e+00
  -1.7051950e+00  -1.8397260e+00   1.0000000e+00
   1.1687690e+00   1.8688700e-01   1.0000000e+00
  -7.9830100e-01   1.8512360e+00   1.0000000e+00
  -1.7986540e+00  -1.2616290e+00   1.0000000e+00
  -6.5563400e-01  -1.8319080e+00   1.0000000e+00
   1.4494560e+00  -2.1743200e-01   1.0000000e+00
  -1.3925550e+00  -4.1703400e-01   1.0000000e+00
  -7.6181700e-01   1.8807050e+00   1.0000000e+00
   1.2348500e-01   6.7740400e-01   0.0000000e+00
   1.5729100e-01   9.2069300e-01   0.0000000e+00
   1.1779910e+00  -1.5613830e+00   1.0000000e+00
  -1.7569290e+00  -2.0134000e-02   1.0000000e+00
   1.3707310e+00   1.7017120e+00   1.0000000e+00
   1.7241570e+00   6.8854900e-01   1.0000000e+00
   1.0370370e+00  -3.0655000e-01   1.0000000e+00
  -1.5265780e+00  -7.2468400e-01   1.0000000e+00
  -1.4961430e+00   1.9671300e+00   1.0000000e+00
  -7.9999400e-01   1.0176270e+00   1.0000000e+00
  -4.9324800e-01  -6.9776800e-01   0.0000000e+00
   6.2487000e-01  -4.8723300e-01   0.0000000e+00
   1.3867350e+00   2.7367500e-01   1.0000000e+00
   1.1140340e+00   9.2942400e-01   1.0000000e+00
   7.9532000e-01  -3.6019600e-01   0.0000000e+00
  -8.5084000e-02   4.5460900e-01   0.0000000e+00
  -4.3127300e-01   1.8880360e+00   1.0000000e+00
   1.9675000e-01   1.4246360e+00   1.0000000e+00
   3.8011200e-01  -4.6043300e-01   0.0000000e+00
  -1.7615160e+00  -9.0749800e-01   1.0000000e+00
   1.6768410e+00   1.3378490e+00   1.0000000e+00
  -6.9677000e-02  -3.1019000e-02   0.0000000e+00
  -1.7056660e+00  -1.1702100e-01   1.0000000e+00
  -6.2877900e-01  -1.4190500e+00   1.0000000e+00
   1.6286300e-01  -1.5988400e+00   1.0000000e+00
   4.2035200e-01  -7.8815900e-01   0.0000000e+00
   1.1071380e+00   1.9338170e+00   1.0000000e+00
   6.4592800e-01  -1.6892460e+00   1.0000000e+00
   6.2285400e-01  -9.4991600e-01   1.0000000e+00
   3.1128000e-01  -5.4865300e-01   0.0000000e+00
  -8.5021700e-01   5.7337000e-01   1.0000000e+00
   1.1092790e+00  -1.6146070e+00   1.0000000e+00
   8.6576000e-02  -1.9012620e+00   1.0000000e+00
  -1.1758300e-01  -7.5328500e-01   0.0000000e+00
  -1.5055890e+00   1.8168240e+00   1.0000000e+00
   1.3674110e+00   1.6211940e+00   1.0000000e+00
  -1.3785930e+00   9.1358700e-01   1.0000000e+00
   1.0665580e+00   6.2286300e-01   1.0000000e+00
  -1.8079300e+00   4.6486100e-01   1.0000000e+00
   1.0543610e+00  -1.1455430e+00   1.0000000e+00
  -5.9796700e-01   8.3095200e-01   1.0000000e+00
  -1.6047600e-01  -1.2500430e+00   1.0000000e+00
  -1.8058580e+00   1.5752040e+00   1.0000000e+00
  -8.2678500e-01  -1.7675580e+00   1.0000000e+00
   9.8138600e-01  -7.0787400e-01   1.0000000e+00
   1.7041140e+00   1.4139840e+00   1.0000000e+00
   1.0106050e+00  -1.5137390e+00   1.0000000e+00
  -1.4191470e+00   1.0001810e+00   1.0000000e+00
  -6.1206600e-01  -1.0932900e-01   0.0000000e+00
   1.5750020e+00  -7.8982100e-01   1.0000000e+00
  -1.4329210e+00   4.0928900e-01   1.0000000e+00
   1.4047530e+00  -1.1504330e+00   1.0000000e+00
  -8.9862000e-02   7.8318100e-01   0.0000000e+00
   1.7040010e+00  -8.1591300e-01   1.0000000e+00
   1.6563800e-01  -1.2328540e+00   1.0000000e+00
   1.1240300e-01  -7.0734100e-01   0.0000000e+00
   1.3683020e+00   1.7334540e+00   1.0000000e+00
  -1.2814170e+00   6.7047400e-01   1.0000000e+00
  -8.9532300e-01   1.0056000e+00   1.0000000e+00
  -1.3747660e+00   1.8911830e+00   1.0000000e+00
   1.1364350e+00  -2.8836000e-01   1.0000000e+00
   4.5434500e-01  -7.8946600e-01   0.0000000e+00
   5.2421300e-01   1.4184900e+00   1.0000000e+00
   9.2521200e-01  -4.1174100e-01   1.0000000e+00
  -1.5265690e+00   9.3747900e-01   1.0000000e+00
   1.8959060e+00   5.6436600e-01   1.0000000e+00
  -1.5021310e+00   1.4609460e+00   1.0000000e+00
   1.6068520e+00  -4.3719100e-01   1.0000000e+00
  -1.6831720e+00   1.9746670e+00   1.0000000e+00
   1.4964380e+00  -7.4076700e-01   1.0000000e+00
   4.1944100e-01  -1.8385390e+00   1.0000000e+00
   1.3902010e+00  -6.1669000e-01   1.0000000e+00
   8.6071200e-01   1.3205400e+00   1.0000000e+00
   1.8395380e+00   1.2876510e+00   1.0000000e+00
  -1.2255090e+00  -6.8918200e-01   1.0000000e+00
  -1.6994240e+00   1.6666590e+00   1.0000000e+00
  -1.6634710e+00   5.1699100e-01   1.0000000e+00
   1.8442380e+00  -1.7126990e+00   1.0000000e+00
   1.8609650e+00   7.1483000e-01   1.0000000e+00
   1.7291280e+00  -5.6244500e-01   1.0000000e+00
   7.4762700e-01  -1.3860060e+00   1.0000000e+00
  -1.4468270e+00  -1.8014990e+00   1.0000000e+00
   5.9099900e-01   1.2558760e+00   1.0000000e+00
  -3.7003000e-01   1.5497390e+00   1.0000000e+00
   8.1401100e-01  -1.9518910e+00   1.0000000e+00
  -1.1011640e+00  -1.0009340e+00   1.0000000e+00
   1.9823990e+00  -1.7862870e+00   1.0000000e+00
  -1.5944590e+00  -5.9280000e-01   1.0000000e+00
   1.2724490e+00  -5.0485800e-01   1.0000000e+00
   7.4336400e-01   8.0065700e-01   1.0000000e+00
  -4.1932000e-01  -2.3414800e-01   0.0000000e+00
   1.5656070e+00   1.5162630e+00   1.0000000e+00
  -4.7094900e-01  -1.1862670e+00   1.0000000e+00
  -2.1605500e-01  -1.5757880e+00   1.0000000e+00
   1.4895400e+00  -1.0588960e+00   1.0000000e+00
   1.5401170e+00   4.4194800e-01   1.0000000e+00
  -1.1688480e+00   3.8324200e-01   1.0000000e+00
   1.1833700e+00   1.4008500e-01   1.0000000e+00
   7.6572000e-01   6.0804600e-01   0.0000000e+00
   4.8070500e-01   1.0347140e+00   1.0000000e+00
  -3.8113100e-01  -7.7651200e-01   0.0000000e+00
  -1.4157560e+00  -8.2324000e-01   1.0000000e+00
  -1.8140090e+00   7.4011000e-02   1.0000000e+00
  -1.0172680e+00   8.8112300e-01   1.0000000e+00
  -1.3080840e+00   1.6455740e+00   1.0000000e+00
  -9.5944600e-01  -7.0476900e-01   1.0000000e+00
   1.8266940e+00  -1.0998720e+00   1.0000000e+00
   4.3569800e-01  -1.5355130e+00   1.0000000e+00
   4.3423500e-01  -7.0334000e-01   0.0000000e+00
  -9.9768200e-01  -1.8374590e+00   1.0000000e+00
   1.1400050e+00  -6.8091600e-01   1.0000000e+00
  -1.9548600e+00  -1.5653360e+00   1.0000000e+00
  -1.5061060e+00   3.4008000e-01   1.0000000e+00
   5.7438800e-01   1.5443300e+00   1.0000000e+00
   1.6059670e+00   1.5942520e+00   1.0000000e+00
  -4.5893200e-01   1.4167000e-01   0.0000000e+00
   1.0692640e+00   1.0206670e+00   1.0000000e+00
   1.5525180e+00  -3.3311200e-01   1.0000000e+00
  -1.6961380e+00  -1.9034890e+00   1.0000000e+00
  -5.8954000e-01  -1.1993160e+00   1.0000000e+00
   1.8559840e+00  -1.0936140e+00   1.0000000e+00
   2.4294000e-01   2.3267100e-01   0.0000000e+00
   1.3982210e+00  -1.6914460e+00   1.0000000e+00
   1.4071240e+00  -3.2067800e-01   1.0000000e+00
   8.9550400e-01   3.1056500e-01   0.0000000e+00
   1.7837370e+00   1.3641020e+00   1.0000000e+00
   7.8674500e-01   6.9740100e-01   1.0000000e+00
  -1.7311550e+00   1.2445990e+00   1.0000000e+00
  -8.3977100e-01  -1.6965860e+00   1.0000000e+00
  -1.2112590e+00   2.8421100e-01   1.0000000e+00
  -1.3704770e+00  -1.5763770e+00   1.0000000e+00
  -8.1554900e-01   8.6195800e-01   1.0000000e+00
  -9.7008900e-01  -7.2954100e-01   1.0000000e+00
  -1.1346070e+00   7.5434400e-01   1.0000000e+00
   1.0410400e-01   1.5062310e+00   1.0000000e+00
  -7.1644000e-01  -1.9871720e+00   1.0000000e+00
  -8.6127400e-01  -2.8225000e-01   0.0000000e+00
  -1.6940400e+00  -6.4425800e-01   1.0000000e+00
   1.5403600e+00   1.1428640e+00   1.0000000e+00
  -1.4496160e+00   1.0844820e+00   1.0000000e+00
   6.6500700e-01   6.3379700e-01   0.0000000e+00
  -1.9949190e+00  -4.3746400e-01   1.0000000e+00
   1.5600940e+00  -1.0482090e+00   1.0000000e+00
  -6.6900000e-03  -1.5094760e+00   1.0000000e+00
   1.7495070e+00  -1.1622930e+00   1.0000000e+00
  -1.9321710e+00   4.8890100e-01   1.0000000e+00
   7.8908700e-01   3.6946500e-01   0.0000000e+00
   1.1132780e+00   1.8662000e+00   1.0000000e+00
   6.0995400e-01   5.9362000e-02   0.0000000e+00
   2.0633600e-01   1.7644390e+00   1.0000000e+00
   6.9592000e-02  -1.0761930e+00   1.0000000e+00
  -3.8014900e-01   2.3647200e-01   0.0000000e+00
   1.6246100e-01  -1.6639910e+00   1.0000000e+00
  -9.0539300e-01   1.2980520e+00   1.0000000e+00
  -1.3790860e+00  -1.2982540e+00   1.0000000e+00
   1.5298500e+00   2.5410200e-01   1.0000000e+00
  -1.2481180e+00   1.2539930e+00   1.0000000e+00
  -2.5678500e-01   1.7960980e+00   1.0000000e+00
  -5.4778500e-01   5.9832200e-01   0.0000000e+00
   1.5240950e+00  -1.2054600e+00   1.0000000e+00
   1.2049700e+00  -1.6700550e+00   1.0000000e+00
  -1.9761840e+00  -5.3353800e-01   1.0000000e+00
   3.5818700e-01   1.9374740e+00   1.0000000e+00
  -3.7287400e-01  -8.7914000e-01   0.0000000e+00
  -1.8762240e+00  -1.0899680e+00   1.0000000e+00
  -2.7046900e-01  -1.4563290e+00   1.0000000e+00
  -3.4715200e-01   1.6067730e+00   1.0000000e+00
   1.5418020e+00  -2.7647300e-01   1.0000000e+00
  -1.0930010e+00   2.4440200e-01   1.0000000e+00
   1.8987200e+00  -1.9424290e+00   1.0000000e+00
   3.9395000e-02  -9.0211000e-02   0.0000000e+00
   1.2860850e+00   1.3361710e+00   1.0000000e+00
  -1.1854590e+00  -1.7685650e+00   1.0000000e+00
  -1.2322760e+00  -7.1815600e-01   1.0000000e+00
   1.5592820e+00  -4.5674600e-01   1.0000000e+00
   9.3001500e-01   9.0713700e-01   1.0000000e+00
   1.0090440e+00   1.8690160e+00   1.0000000e+00
  -3.8439500e-01   1.8809480e+00   1.0000000e+00
   8.8713200e-01   5.0598100e-01   1.0000000e+00
  -3.3265400e-01   1.4063610e+00   1.0000000e+00
   1.9463620e+00  -8.4489800e-01   1.0000000e+00
   1.5621200e-01  -4.9036000e-01   0.0000000e+00
  -3.0517000e-01  -1.0786580e+00   1.0000000e+00
  -1.7160870e+00   1.9354270e+00   1.0000000e+00
   1.3828070e+00  -1.9708830e+00   1.0000000e+00
   6.2988200e-01   7.7377700e-01   0.0000000e+00
  -5.3078200e-01  -4.8307800e-01   0.0000000e+00
   7.9884400e-01   8.5557700e-01   1.0000000e+00
  -9.0569200e-01  -1.4892180e+00   1.0000000e+00
  -1.4202020e+00  -1.6897550e+00   1.0000000e+00
  -7.8100100e-01   2.7289700e-01   0.0000000e+00
  -1.5523360e+00   1.5810090e+00   1.0000000e+00
   1.9328230e+00   4.4378800e-01   1.0000000e+00
   1.2432630e+00   1.2244910e+00   1.0000000e+00
  -1.2893900e-01  -1.8639500e+00   1.0000000e+00
  -4.7835900e-01   4.7413700e-01   0.0000000e+00
   7.6982300e-01  -5.5449100e-01   0.0000000e+00
  -1.5808930e+00  -1.4381310e+00   1.0000000e+00
  -1.8864270e+00  -1.4864970e+00   1.0000000e+00
  -1.2034840e+00  -1.8559460e+00   1.0000000e+00
  -9.4598900e-01  -3.9253700e-01   1.0000000e+00
   1.9495340e+00   1.8928750e+00   1.0000000e+00
  -1.1734330e+00   1.5604280e+00   1.0000000e+00
  -1.7859100e+00   3.9987300e-01   1.0000000e+00
  -1.6554270e+00  -4.1101100e-01   1.0000000e+00
  -5.6766500e-01  -1.9249990e+00   1.0000000e+00
   1.3383910e+00   1.0889050e+00   1.0000000e+00
  -1.8838750e+00   7.7877000e-01   1.0000000e+00
  -1.4687500e+00  -1.8394260e+00   1.0000000e+00
  -1.2545700e+00   9.3667800e-01   1.0000000e+00
   1.8020490e+00   1.2453680e+00   1.0000000e+00
   1.9875510e+00  -1.7408880e+00   1.0000000e+00
   1.8021450e+00  -5.3568000e-02   1.0000000e+00
   1.8376460e+00   1.9742310e+00   1.0000000e+00
  -1.0929850e+00  -4.4121700e-01   1.0000000e+00
  -9.5810100e-01   8.0688600e-01   1.0000000e+00
  -4.6531400e-01  -1.1408630e+00   1.0000000e+00
   1.5024890e+00  -2.2060000e-03   1.0000000e+00
   1.8364090e+00  -1.7774780e+00   1.0000000e+00
   5.2268000e-01  -1.8580470e+00   1.0000000e+00
  -8.8551100e-01  -4.2781000e-02   0.0000000e+00
  -1.6279350e+00  -8.2062600e-01   1.0000000e+00
  -1.1908760e+00  -1.7407280e+00   1.0000000e+00
   9.7430700e-01   8.0070000e-01   1.0000000e+00
   7.2677100e-01  -7.3752400e-01   1.0000000e+00
   1.1772100e-01   1.1317510e+00   1.0000000e+00
   1.3497860e+00  -1.2770350e+00   1.0000000e+00
  -1.3481100e-01  -1.9025490e+00   1.0000000e+00
  -7.1050500e-01   1.1057480e+00   1.0000000e+00
   3.4902100e-01  -3.4831400e-01   0.0000000e+00
   5.5817200e-01  -7.7511000e-02   0.0000000e+00
  -1.9300510e+00  -1.0127190e+00   1.0000000e+00
  -1.8530500e+00  -5.0876300e-01   1.0000000e+00
  -1.7794500e+00   1.3620680e+00   1.0000000e+00
  -1.7440660e+00   1.5217200e+00   1.0000000e+00
  -1.7145060e+00  -1.0316210e+00   1.0000000e+00
   1.8591010e+00   7.8729300e-01   1.0000000e+00
  -1.6673750e+00  -9.2620200e-01   1.0000000e+00
  -1.7894200e-01  -2.3683000e-01   0.0000000e+00
   1.8247820e+00  -1.6149980e+00   1.0000000e+00
   3.4544000e-02  -8.0359200e-01   0.0000000e+00
  -1.1587660e+00   1.8561120e+00   1.0000000e+00
   1.9938120e+00  -3.3324600e-01   1.0000000e+00
   1.8796420e+00   1.6887210e+00   1.0000000e+00
   6.9259300e-01   5.0614200e-01   0.0000000e+00
  -1.6939780e+00   8.0945700e-01   1.0000000e+00
  -1.1532260e+00   2.1820000e-01   1.0000000e+00
  -1.8169690e+00  -4.7318000e-01   1.0000000e+00
   2.2842000e-02  -1.8491600e-01   0.0000000e+00
   1.8006380e+00   1.6292250e+00   1.0000000e+00
   3.1024500e-01   7.1582400e-01   0.0000000e+00
  -2.4221500e-01  -1.5308090e+00   1.0000000e+00
   4.0801600e-01  -5.2028600e-01   0.0000000e+00
  -1.1418140e+00   1.3906030e+00   1.0000000e+00
   6.9026700e-01  -9.0073600e-01   1.0000000e+00
  -7.0456800e-01  -2.4850200e-01   0.0000000e+00
   5.3657100e-01  -7.2787000e-01   0.0000000e+00
  -5.7767700e-01  -1.4977210e+00   1.0000000e+00
  -1.3896720e+00   5.6003200e-01   1.0000000e+00
  -1.6620570e+00   7.8255800e-01   1.0000000e+00
   9.5519800e-01   1.7203120e+00   1.0000000e+00
   1.3496520e+00   1.1181760e+00   1.0000000e+00
  -5.3010400e-01  -7.1976600e-01   0.0000000e+00
  -1.4918080e+00   4.2719900e-01   1.0000000e+00
  -1.7066860e+00  -1.4355370e+00   1.0000000e+00
   1.5688690e+00  -1.9771520e+00   1.0000000e+00
  -1.0607750e+00  -3.1721400e-01   1.0000000e+00
   1.0688000e+00   1.5772660e+00   1.0000000e+00
  -5.1754000e-02  -1.3762500e+00   1.0000000e+00
   1.1857110e+00  -7.5778100e-01   1.0000000e+00
  -7.6558200e-01   1.8435510e+00   1.0000000e+00
   3.4374000e-02   1.8715230e+00   1.0000000e+00
   1.2284900e+00   1.4192370e+00   1.0000000e+00
   1.0012520e+00   1.5668550e+00   1.0000000e+00
   1.4470030e+00  -6.4454300e-01   1.0000000e+00
   2.1318100e-01   1.4993990e+00   1.0000000e+00
   1.1825700e+00  -9.2284200e-01   1.0000000e+00
   1.7994420e+00   1.1595520e+00   1.0000000e+00
   9.8335000e-01   2.3667700e-01   1.0000000e+00
  -1.7520680e+00  -1.7513900e+00   1.0000000e+00
  -1.2385940e+00   4.3538300e-01   1.0000000e+00
   9.8580300e-01   1.0357490e+00   1.0000000e+00
  -1.5631010e+00   1.8290800e+00   1.0000000e+00
   1.9069540e+00  -1.7229500e+00   1.0000000e+00
   1.0933020e+00  -1.1305120e+00   1.0000000e+00
   1.9771960e+00   9.9025900e-01   1.0000000e+00
  -7.3091200e-01   6.8399900e-01   1.0000000e+00
   9.3589700e-01   2.6774600e-01   0.0000000e+00
   1.2620820e+00  -1.4073040e+00   1.0000000e+00
  -3.3835200e-01   1.8780800e+00   1.0000000e+00
  -2.1340600e-01   1.9691090e+00   1.0000000e+00
   3.0470800e-01  -7.8632200e-01   0.0000000e+00
   1.0507020e+00  -1.7848960e+00   1.0000000e+00
   4.7576000e-01   1.8452670e+00   1.0000000e+00
  -7.4086900e-01  -2.8582300e-01   0.0000000e+00
   1.2063770e+00  -1.1373920e+00   1.0000000e+00
   1.0529090e+00  -7.5257500e-01   1.0000000e+00
  -1.0170610e+00   1.7380250e+00   1.0000000e+00
   2.9894000e-02   1.8914500e+00   1.0000000e+00
  -1.4119230e+00  -1.6421580e+00   1.0000000e+00
  -1.4812050e+00   1.8625560e+00   1.0000000e+00
   6.4261800e-01   4.4999300e-01   0.0000000e+00
  -1.7070750e+00   1.2050510e+00   1.0000000e+00
  -1.1937430e+00   1.7548900e+00   1.0000000e+00
   1.4029890e+00  -1.6876470e+00   1.0000000e+00
   3.8318200e-01   1.8010820e+00   1.0000000e+00
   7.0924900e-01  -1.0315410e+00   1.0000000e+00
   1.8598180e+00  -1.1311110e+00   1.0000000e+00
   1.2217680e+00  -1.5620320e+00   1.0000000e+00
   1.0042280e+00   1.5629900e-01   1.0000000e+00
   1.1937590e+00  -9.8600500e-01   1.0000000e+00
  -9.0450700e-01   1.3418740e+00   1.0000000e+00
  -3.4850400e-01  -1.6059850e+00   1.0000000e+00
  -9.0631000e-01   1.1728760e+00   1.0000000e+00
  -1.1405830e+00   2.4530800e-01   1.0000000e+00
  -8.6155700e-01  -1.9975030e+00   1.0000000e+00
   7.3814100e-01   1.3262800e-01   0.0000000e+00
  -2.6095700e-01  -1.1512070e+00   1.0000000e+00
   2.3904800e-01   3.4632100e-01   0.0000000e+00
  -1.1970740e+00  -1.5165500e-01   1.0000000e+00
   4.3962300e-01   7.5443100e-01   0.0000000e+00
   1.1547810e+00  -1.0186060e+00   1.0000000e+00
  -1.7542820e+00   1.7497480e+00   1.0000000e+00
   1.9559370e+00   7.4842800e-01   1.0000000e+00
   4.8613500e-01   1.7221180e+00   1.0000000e+00
   1.8975340e+00  -3.2827400e-01   1.0000000e+00
   1.4187190e+00   1.2557230e+00   1.0000000e+00
  -1.8426060e+00  -2.3979800e-01   1.0000000e+00
  -2.1809700e-01   1.0499010e+00   1.0000000e+00
  -7.0713700e-01  -1.9649410e+00   1.0000000e+00
  -1.3801610e+00   1.9801120e+00   1.0000000e+00
   1.4959730e+00  -1.6997670e+00   1.0000000e+00
  -5.9145700e-01  -1.3215760e+00   1.0000000e+00
  -4.0080600e-01   5.6786000e-02   0.0000000e+00
   1.6445020e+00   1.1162490e+00   1.0000000e+00
  -4.0728800e-01  -5.6486500e-01   0.0000000e+00
  -1.0026800e-01  -8.2657600e-01   0.0000000e+00
   1.5764840e+00  -1.3917500e+00   1.0000000e+00
   7.5004200e-01   1.6210950e+00   1.0000000e+00
   6.3997000e-01  -9.0878000e-01   1.0000000e+00
   1.0989720e+00  -6.3245500e-01   1.0000000e+00
   1.2341990e+00  -1.8003990e+00   1.0000000e+00
  -7.2812500e-01  -1.1815000e+00   1.0000000e+00
  -1.9618180e+00   9.4742000e-02   1.0000000e+00
   1.6569740e+00  -1.0508370e+00   1.0000000e+00
  -1.6098960e+00   3.6810900e-01   1.0000000e+00
   1.4572720e+00   1.2520490e+00   1.0000000e+00
   1.8311890e+00  -4.5428300e-01   1.0000000e+00
   1.4600560e+00   1.1315100e+00   1.0000000e+00
   6.9559000e-01   8.6002200e-01   1.0000000e+00
   2.2465600e-01   1.9989730e+00   1.0000000e+00
  -1.9458200e-01  -1.9188050e+00   1.0000000e+00
  -6.8022900e-01   6.3665700e-01   0.0000000e+00
  -1.6482750e+00   1.3165400e-01   1.0000000e+00
  -6.7369400e-01   1.8288860e+00   1.0000000e+00
   1.3918240e+00   7.8136200e-01   1.0000000e+00
  -1.6735740e+00  -1.2995000e-01   1.0000000e+00
  -1.4403370e+00  -8.1360900e-01   1.0000000e+00
  -8.5088300e-01  -3.1697500e-01   0.0000000e+00
   1.3120950e+00  -4.1524600e-01   1.0000000e+00
   2.1916900e-01  -1.5861830e+00   1.0000000e+00
  -7.1850900e-01  -8.7173000e-02   0.0000000e+00
   1.1187060e+00   1.1044940e+00   1.0000000e+00
   1.5096820e+00  -1.0868000e-01   1.0000000e+00
   2.8327100e-01  -7.2372900e-01   0.0000000e+00
   2.3792500e-01  -4.5116700e-01   0.0000000e+00
   8.4281200e-01   8.2530700e-01   1.0000000e+00
  -6.7149400e-01   1.5896910e+00   1.0000000e+00
   1.7507060e+00   1.0204180e+00   1.0000000e+00
  -1.5301190e+00  -1.4573470e+00   1.0000000e+00
   1.1768730e+00  -1.5304270e+00   1.0000000e+00
  -6.8032400e-01  -1.6184370e+00   1.0000000e+00
  -1.5416920e+00  -9.1007800e-01   1.0000000e+00
   1.9803800e-01  -1.8002360e+00   1.0000000e+00
   6.0297600e-01  -1.3388260e+00   1.0000000e+00
   4.5245700e-01   1.8771810e+00   1.0000000e+00
   1.0075080e+00  -1.2894720e+00   1.0000000e+00
  -1.3495020e+00  -1.5679800e-01   1.0000000e+00
   1.0920470e+00   8.9345500e-01   1.0000000e+00
   1.0858040e+00  -3.2505000e-02   1.0000000e+00
   1.4185920e+00   2.4605300e-01   1.0000000e+00
   1.7078200e-01   1.0217880e+00   1.0000000e+00
   3.7733900e-01   1.8723560e+00   1.0000000e+00
  -9.4746400e-01  -4.3530900e-01   1.0000000e+00
  -1.7014000e-02   6.0718600e-01   0.0000000e+00
   1.9656840e+00  -1.7924620e+00   1.0000000e+00
  -1.4617380e+00   1.5720330e+00   1.0000000e+00
  -6.7730700e-01   1.5532550e+00   1.0000000e+00
  -1.9394720e+00   1.9684670e+00   1.0000000e+00
   1.2414000e+00  -4.6472800e-01   1.0000000e+00
   9.1040500e-01  -6.2702700e-01   1.0000000e+00
   1.2040690e+00   8.3267300e-01   1.0000000e+00
  -3.9937300e-01   4.5943400e-01   0.0000000e+00
   1.2774080e+00   1.4001230e+00   1.0000000e+00
   7.6870000e-01   1.7723170e+00   1.0000000e+00
   1.6613650e+00   1.9365000e+00   1.0000000e+00
   5.6614000e-01   1.6104410e+00   1.0000000e+00
   6.4511000e-01  -1.8743500e+00   1.0000000e+00
  -1.9461600e+00  -1.6526930e+00   1.0000000e+00
   1.4544210e+00  -5.5864600e-01   1.0000000e+00
  -1.2474090e+00  -1.5615080e+00   1.0000000e+00
  -9.4131500e-01  -4.0228600e-01   1.0000000e+00
  -1.2752930e+00   9.5146400e-01   1.0000000e+00
   1.5884800e-01   1.4928700e+00   1.0000000e+00
   7.4538000e-02  -6.9614900e-01   0.0000000e+00
   8.0346800e-01   1.6167120e+00   1.0000000e+00
   1.1382990e+00   5.9324700e-01   1.0000000e+00
  -9.7790600e-01  -3.3024800e-01   1.0000000e+00
   1.6604890e+00   1.3184710e+00   1.0000000e+00
  -6.8963600e-01   1.9579390e+00   1.0000000e+00
  -1.2937400e+00  -4.8400500e-01   1.0000000e+00
  -1.0843780e+00  -5.8418000e-02   1.0000000e+00
  -1.4418450e+00   4.6704000e-01   1.0000000e+00
   2.9898700e-01  -3.6825900e-01   0.0000000e+00
   5.6873700e-01   4.9795600e-01   0.0000000e+00
  -1.0038760e+00   4.2769000e-01   1.0000000e+00
   3.6087900e-01   1.2211050e+00   1.0000000e+00
  -5.5725500e-01   3.6339100e-01   0.0000000e+00
   8.7833000e-01  -9.0859400e-01   1.0000000e+00
  -6.5770400e-01  -1.4177200e-01   0.0000000e+00
  -8.7926000e-02  -2.7025400e-01   0.0000000e+00
  -1.1046600e+00  -5.6306600e-01   1.0000000e+00
  -3.0231500e-01   1.6461540e+00   1.0000000e+00
   4.8718200e-01  -6.1220400e-01   0.0000000e+00
  -1.6349130e+00   1.5215500e-01   1.0000000e+00
  -1.4033620e+00  -1.1768650e+00   1.0000000e+00
  -1.4018790e+00  -7.8670000e-03   1.0000000e+00
  -1.6449050e+00  -1.3462840e+00   1.0000000e+00
   7.1187500e-01   8.8978000e-02   0.0000000e+00
   2.1146700e-01   8.5845100e-01   0.0000000e+00
   1.2235960e+00  -8.1089200e-01   1.0000000e+00
  -3.9992600e-01   3.7012100e-01   0.0000000e+00
   2.9578300e-01   1.3762200e+00   1.0000000e+00
  -9.1334600e-01   1.6063110e+00   1.0000000e+00
   4.2600300e-01   1.1187580e+00   1.0000000e+00
   1.6523660e+00  -1.1253610e+00   1.0000000e+00
   2.8725800e-01   5.3373300e-01   0.0000000e+00
   1.9409240e+00   8.5067200e-01   1.0000000e+00
  -1.9276850e+00  -1.9869300e+00   1.0000000e+00
  -1.5663200e-01   4.1431200e-01   0.0000000e+00
   1.5572000e-02   1.7686610e+00   1.0000000e+00
   8.5664600e-01  -1.6515880e+00   1.0000000e+00
   7.6238900e-01  -1.0977680e+00   1.0000000e+00
   1.9707700e+00   1.6864740e+00   1.0000000e+00
  -9.2478500e-01  -1.1968560e+00   1.0000000e+00
   2.0441900e-01  -7.8613200e-01   0.0000000e+00
  -1.7636210e+00   7.1716700e-01   1.0000000e+00
  -9.9395600e-01  -1.1394170e+00   1.0000000e+00
   1.5273700e-01  -1.6878100e-01   0.0000000e+00
  -4.9201000e-02   6.8085000e-02   0.0000000e+00
  -7.8236000e-01  -2.9490900e-01   0.0000000e+00
  -1.4363570e+00  -3.7869000e-02   1.0000000e+00
  -6.3164000e-01  -1.2497910e+00   1.0000000e+00
   1.3561550e+00  -1.5807140e+00   1.0000000e+00
   5.1987100e-01   1.7632270e+00   1.0000000e+00
  -1.0158940e+00  -1.4847400e+00   1.0000000e+00
  -8.5944000e-02  -6.6258500e-01   0.0000000e+00
   1.9724510e+00   1.2195010e+00   1.0000000e+00
   9.0635000e-01  -1.4355970e+00   1.0000000e+00
  -1.8833160e+00   1.7694100e-01   1.0000000e+00
   2.1081900e-01   1.4762500e+00   1.0000000e+00
   5.5486200e-01   1.7691360e+00   1.0000000e+00
  -4.8739700e-01  -1.6707700e-01   0.0000000e+00
  -9.7964600e-01  -9.4779800e-01   1.0000000e+00
   2.3314600e-01  -1.2632160e+00   1.0000000e+00
   1.0188970e+00   7.9105600e-01   1.0000000e+00
  -1.6142850e+00  -1.5042740e+00   1.0000000e+00
  -3.3141300e-01  -1.3946220e+00   1.0000000e+00
  -1.2634000e-02   8.0800300e-01   0.0000000e+00
   1.4338220e+00  -3.9560200e-01   1.0000000e+00
   3.8106400e-01  -1.0031590e+00   1.0000000e+00
   5.5803800e-01  -8.2266000e-01   0.0000000e+00
  -1.7664390e+00   1.3163000e-01   1.0000000e+00
  -5.9636000e-02  -1.3458210e+00   1.0000000e+00
  -1.4842630e+00  -1.9233490e+00   1.0000000e+00
   6.9095100e-01  -1.9949890e+00   1.0000000e+00
   1.0680700e+00   2.1020000e-03   1.0000000e+00
  -1.5077800e+00   1.6700760e+00   1.0000000e+00
   8.7254900e-01   1.7834900e+00   1.0000000e+00
   7.3351500e-01  -6.2661200e-01   0.0000000e+00
  -1.8653440e+00   1.6933600e-01   1.0000000e+00
   1.7198780e+00  -6.0178800e-01   1.0000000e+00
   1.2525100e-01   1.2524000e-02   0.0000000e+00
  -1.1865400e+00  -1.6416360e+00   1.0000000e+00
   2.8084900e-01  -8.9138600e-01   0.0000000e+00
   7.5721800e-01  -4.8609700e-01   0.0000000e+00
  -9.4192100e-01   1.1383440e+00   1.0000000e+00
  -2.6347600e-01  -1.4163260e+00   1.0000000e+00
   1.1255610e+00  -4.2893900e-01   1.0000000e+00
   1.6933990e+00   1.7129260e+00   1.0000000e+00
  -4.2384000e-01  -1.0043950e+00   1.0000000e+00
  -4.3992600e-01   9.2762400e-01   1.0000000e+00
   6.6433600e-01  -7.7313900e-01   1.0000000e+00
   1.8186010e+00  -1.0853300e-01   1.0000000e+00
   1.6743160e+00   6.3383900e-01   1.0000000e+00
  -5.2638400e-01   7.3479000e-01   0.0000000e+00
   2.5160800e-01  -2.5081400e-01   0.0000000e+00
   1.2015660e+00  -1.9060540e+00   1.0000000e+00
   1.5932700e+00  -3.5697800e-01   1.0000000e+00
   1.6971590e+00   1.3613940e+00   1.0000000e+00
  -3.4764100e-01   1.6653070e+00   1.0000000e+00
  -1.1869400e+00   3.1984500e-01   1.0000000e+00
  -1.1998740e+00   1.3665990e+00   1.0000000e+00
  -1.9889620e+00  -5.7329800e-01   1.0000000e+00
   1.9342030e+00   1.4058040e+00   1.0000000e+00
   1.6818870e+00   1.5642660e+00   1.0000000e+00
   1.1044730e+00   5.1277700e-01   1.0000000e+00
   1.1773330e+00  -4.0329500e-01   1.0000000e+00
   2.0659900e-01  -9.9607500e-01   1.0000000e+00
   8.4566900e-01   1.9851570e+00   1.0000000e+00
  -1.7495490e+00   5.4909100e-01   1.0000000e+00
  -1.7534050e+00   1.0176860e+00   1.0000000e+00
   4.2551700e-01   1.5191880e+00   1.0000000e+00
  -1.0127520e+00  -1.4718600e-01   1.0000000e+00
  -1.9926550e+00  -9.0196100e-01   1.0000000e+00
   1.0647680e+00  -1.0385600e-01   1.0000000e+00
  -2.9827600e-01  -1.8802940e+00   1.0000000e+00
   1.9582550e+00  -1.0858230e+00   1.0000000e+00
  -1.7189900e+00   1.6144300e-01   1.0000000e+00
  -1.5019690e+00  -4.0176200e-01   1.0000000e+00
   1.8736590e+00   1.0218440e+00   1.0000000e+00
   1.5088930e+00   1.3278260e+00   1.0000000e+00
  -1.0385260e+00   2.3993800e-01   1.0000000e+00
   6.3682000e-02   2.6279600e-01   0.0000000e+00
  -1.6849090e+00   3.9386400e-01   1.0000000e+00
   5.4240300e-01   2.6382200e-01   0.0000000e+00
   4.6482500e-01  -8.9004000e-02   0.0000000e+00
   7.1782500e-01  -6.3673700e-01   0.0000000e+00
   1.3584110e+00   1.2468400e+00   1.0000000e+00
   1.0747400e+00   1.1923080e+00   1.0000000e+00
  -1.7814380e+00  -8.7102300e-01   1.0000000e+00
  -1.6720520e+00  -1.1511890e+00   1.0000000e+00
   1.7206900e-01  -9.9800100e-01   1.0000000e+00
  -7.1152100e-01  -1.1461720e+00   1.0000000e+00
  -1.0224660e+00   2.1434500e-01   1.0000000e+00
  -1.9106940e+00   1.0291000e-01   1.0000000e+00
  -1.3174920e+00  -7.8062700e-01   1.0000000e+00
   1.8038110e+00   1.3353700e+00   1.0000000e+00
  -6.4647100e-01  -1.6816850e+00   1.0000000e+00
  -8.5100000e-03  -3.9638000e-01   0.0000000e+00
  -5.1919500e-01   1.6000150e+00   1.0000000e+00
   6.4491500e-01   1.4986930e+00   1.0000000e+00
  -1.3725400e-01  -1.0991530e+00   1.0000000e+00
   1.5709120e+00  -1.0628740e+00   1.0000000e+00
  -9.6179500e-01   1.7322200e+00   1.0000000e+00
   7.2116000e-01   6.0190200e-01   0.0000000e+00
   1.2379700e-01  -8.7842800e-01   0.0000000e+00
  -1.8151750e+00  -1.5289780e+00   1.0000000e+00
   7.1278200e-01   8.3415700e-01   1.0000000e+00
  -8.0671800e-01   3.0547600e-01   0.0000000e+00
  -1.5786340e+00  -1.4893920e+00   1.0000000e+00
  -1.2992900e-01  -1.3404250e+00   1.0000000e+00
   7.2917800e-01   8.8775700e-01   1.0000000e+00
   1.1199290e+00  -1.8887850e+00   1.0000000e+00
   1.3105020e+00  -9.3571800e-01   1.0000000e+00
  -2.8771300e-01   1.8462700e+00   1.0000000e+00
   1.7234000e-02  -1.9017150e+00   1.0000000e+00
   5.3688700e-01   1.1829990e+00   1.0000000e+00
   9.0681300e-01   1.1368600e+00   1.0000000e+00
  -3.4815500e-01  -1.6112450e+00   1.0000000e+00
  -5.7473600e-01   8.5748700e-01   1.0000000e+00
  -7.1380700e-01  -1.8140580e+00   1.0000000e+00
  -1.5023600e-01  -1.7512210e+00   1.0000000e+00
   6.5619000e-01   1.1568390e+00   1.0000000e+00
   5.8399300e-01   1.1021490e+00   1.0000000e+00
  -6.2444800e-01   1.9495350e+00   1.0000000e+00
   3.5753300e-01   1.7805940e+00   1.0000000e+00
   1.3867560e+00   9.3154100e-01   1.0000000e+00
  -1.2882340e+00   1.8316170e+00   1.0000000e+00
  -8.1378700e-01  -1.4808610e+00   1.0000000e+00
  -1.8167590e+00   6.7311200e-01   1.0000000e+00
   1.1999130e+00  -4.7963300e-01   1.0000000e+00
   1.1843810e+00   1.5614000e-01   1.0000000e+00
  -4.1716200e-01   1.7491890e+00   1.0000000e+00
  -7.2026400e-01   1.5757980e+00   1.0000000e+00
   1.9675450e+00  -1.1010740e+00   1.0000000e+00
   2.0365400e-01  -1.6494650e+00   1.0000000e+00
  -1.9416860e+00  -1.1382000e+00   1.0000000e+00
   1.4367070e+00   7.2330900e-01   1.0000000e+00
   3.7523700e-01  -2.6912000e-01   0.0000000e+00
   1.4454830e+00  -5.8874000e-02   1.0000000e+00
   1.1081990e+00   8.8145900e-01   1.0000000e+00
  -1.5803890e+00  -7.3066000e-01   1.0000000e+00
  -4.2321500e-01   1.3458210e+00   1.0000000e+00
   1.9039450e+00   1.2780290e+00   1.0000000e+00
   4.1959000e-02  -7.8753800e-01   0.0000000e+00
  -4.2612100e-01   1.2561830e+00   1.0000000e+00
   2.2106700e-01  -1.8952780e+00   1.0000000e+00
   1.9017440e+00   1.3494150e+00   1.0000000e+00
  -2.0844500e-01  -4.2895000e-02   0.0000000e+00
   1.4563130e+00  -1.5892940e+00   1.0000000e+00
  -1.4282910e+00   3.1554700e-01   1.0000000e+00
  -1.6172900e+00  -1.3925610e+00   1.0000000e+00
  -6.0908100e-01   1.6782170e+00   1.0000000e+00
  -1.7089900e+00   9.0787400e-01   1.0000000e+00
   1.7775800e-01  -1.4169250e+00   1.0000000e+00
   1.8615830e+00  -1.1689370e+00   1.0000000e+00
  -8.7530800e-01  -3.1732000e-02   0.0000000e+00
  -1.6794570e+00  -8.3218400e-01   1.0000000e+00
  -1.4167940e+00   6.5044000e-01   1.0000000e+00
  -1.3478180e+00  -1.5928900e+00   1.0000000e+00
   1.5431200e-01   1.0795520e+00   1.0000000e+00
  -1.2415500e-01  -8.2164000e-01   0.0000000e+00
  -9.3874300e-01  -1.3548190e+00   1.0000000e+00
   6.9815500e-01  -9.7429600e-01   1.0000000e+00
  -1.5018220e+00   1.8824420e+00   1.0000000e+00
  -9.9293700e-01  -1.1835760e+00   1.0000000e+00
   3.5667900e-01   1.6211350e+00   1.0000000e+00
  -5.9560700e-01  -1.3546860e+00   1.0000000e+00
   9.1095000e-02  -1.1479900e-01   0.0000000e+00
  -6.5931700e-01   1.7493150e+00   1.0000000e+00
  -1.9058590e+00  -1.4570040e+00   1.0000000e+00
  -3.9328100e-01   1.1409610e+00   1.0000000e+00
   1.8734000e-02   6.5671900e-01   0.0000000e+00
  -1.4816420e+00   9.2467500e-01   1.0000000e+00
   4.5187800e-01  -1.2969040e+00   1.0000000e+00
   1.8538230e+00  -5.2606000e-01   1.0000000e+00
  -1.6413710e+00   8.3287600e-01   1.0000000e+00
  -7.6535200e-01  -3.4719000e-01   0.0000000e+00
   1.1685500e-01  -1.0173660e+00   1.0000000e+00
  -2.1034000e-01   1.5289150e+00   1.0000000e+00
   1.7598520e+00   7.7906700e-01   1.0000000e+00
   8.8441700e-01   7.2029700e-01   1.0000000e+00
   9.5153100e-01  -1.8760910e+00   1.0000000e+00
   5.5652800e-01   5.8682100e-01   0.0000000e+00
  -1.8587420e+00  -1.7749310e+00   1.0000000e+00
   5.6646200e-01   9.5163200e-01   1.0000000e+00
  -7.2563700e-01   1.9380460e+00   1.0000000e+00
  -1.5955930e+00   8.1051800e-01   1.0000000e+00
  -1.6760710e+00   9.7975600e-01   1.0000000e+00
   1.6085810e+00   3.1770500e-01   1.0000000e+00
  -9.8905700e-01   1.7957290e+00   1.0000000e+00
  -2.0369000e-02  -1.6203930e+00   1.0000000e+00
  -4.4754800e-01   1.6603020e+00   1.0000000e+00
  -9.4549500e-01  -4.0253000e-02   0.0000000e+00
  -9.4753500e-01  -6.6739800e-01   1.0000000e+00
   7.9811000e-01   1.4333580e+00   1.0000000e+00
  -1.7730740e+00  -1.8949190e+00   1.0000000e+00
   1.1548660e+00  -1.1408830e+00   1.0000000e+00
  -8.3079100e-01  -6.1146000e-02   0.0000000e+00
   1.3577500e+00   1.5950490e+00   1.0000000e+00
  -6.1463000e-02   8.9316200e-01   0.0000000e+00
  -1.0660860e+00   1.4784800e+00   1.0000000e+00
  -1.1178590e+00  -3.7210700e-01   1.0000000e+00
  -7.4285900e-01  -1.6206810e+00   1.0000000e+00
   1.9817090e+00  -1.8822520e+00   1.0000000e+00
  -1.2434730e+00   5.6281000e-02   1.0000000e+00
   1.4019640e+00   2.6810000e-03   1.0000000e+00
   1.3756190e+00   1.1495920e+00   1.0000000e+00
   1.1326600e-01   1.2655590e+00   1.0000000e+00
   6.5948500e-01   9.2106900e-01   1.0000000e+00
  -5.2153500e-01   1.0840510e+00   1.0000000e+00
  -7.3025000e-01  -6.6964100e-01   0.0000000e+00
   1.2412960e+00   3.5094500e-01   1.0000000e+00
  -1.5895070e+00   1.2222620e+00   1.0000000e+00
  -1.1489480e+00  -1.3507080e+00   1.0000000e+00
  -2.1431100e-01   3.8297200e-01   0.0000000e+00
  -4.5379500e-01   1.7888220e+00   1.0000000e+00
   1.0985910e+00  -2.5655800e-01   1.0000000e+00
  -1.0307500e-01  -9.5516700e-01   0.0000000e+00
   1.1871650e+00   1.7364630e+00   1.0000000e+00
  -1.9005620e+00  -1.2864830e+00   1.0000000e+00
   1.9965600e+00   1.9698330e+00   1.0000000e+00
  -8.6778600e-01   8.8766400e-01   1.0000000e+00
   1.0713000e+00   1.1792800e-01   1.0000000e+00
  -1.8597450e+00  -8.7810200e-01   1.0000000e+00
   1.4814380e+00  -1.4981570e+00   1.0000000e+00
   9.7178000e-01  -1.4696310e+00   1.0000000e+00
  -1.5628280e+00   9.8618500e-01   1.0000000e+00
   1.4664670e+00  -6.3379800e-01   1.0000000e+00
   1.2861020e+00  -5.1540000e-01   1.0000000e+00
  -1.9848330e+00  -3.6308100e-01   1.0000000e+00
   6.4105300e-01   1.3345360e+00   1.0000000e+00
   5.2946000e-01   4.7509400e-01   0.0000000e+00
  -1.1580740e+00  -1.3165100e+00   1.0000000e+00
  -2.6021300e-01  -1.6396590e+00   1.0000000e+00
   1.7324380e+00  -1.0208770e+00   1.0000000e+00
  -1.7086900e-01  -1.6403480e+00   1.0000000e+00
  -1.5598860e+00  -1.2917050e+00   1.0000000e+00
   7.1956500e-01  -1.2670080e+00   1.0000000e+00
   1.8869290e+00  -8.1555000e-01   1.0000000e+00
  -2.5849100e-01   5.1331000e-01   0.0000000e+00
  -1.0481640e+00   1.0548940e+00   1.0000000e+00
   1.5496830e+00   5.1050000e-02   1.0000000e+00
   1.8110850e+00   7.3890900e-01   1.0000000e+00
  -4.3338000e-01  -7.6693700e-01   0.0000000e+00
   1.0533120e+00  -8.3113500e-01   1.0000000e+00
  -1.5997890e+00  -4.6551800e-01   1.0000000e+00
  -1.1045520e+00  -7.7167600e-01   1.0000000e+00
  -1.5900900e+00  -3.5039900e-01   1.0000000e+00
  -1.9143160e+00  -1.9720200e-01   1.0000000e+00
   6.7713000e-02  -1.0749760e+00   1.0000000e+00
  -9.6525500e-01   1.6731200e+00   1.0000000e+00
  -1.8643880e+00   1.2834340e+00   1.0000000e+00
   9.9872800e-01   1.8064690e+00   1.0000000e+00
   1.6684900e-01   1.3178790e+00   1.0000000e+00
   1.5277930e+00  -1.0570470e+00   1.0000000e+00
   2.4556300e-01   4.1086400e-01   0.0000000e+00
   1.8747610e+00   1.6235400e-01   1.0000000e+00
   1.0099010e+00   1.1176590e+00   1.0000000e+00
   1.7971320e+00   1.5081750e+00   1.0000000e+00
   9.5525600e-01  -5.2878200e-01   1.0000000e+00
  -9.4590000e-01   1.2670910e+00   1.0000000e+00
  -1.6500620e+00   8.4082500e-01   1.0000000e+00
   7.4353800e-01   7.8636900e-01   1.0000000e+00
   1.2418590e+00  -1.0530340e+00   1.0000000e+00
  -1.3967710e+00  -1.4575260e+00   1.0000000e+00
  -7.4474500e-01  -8.1930100e-01   1.0000000e+00
  -5.1886000e-02  -1.4931180e+00   1.0000000e+00
   8.1452400e-01  -4.6014000e-01   0.0000000e+00
   3.8434100e-01   1.8583910e+00   1.0000000e+00
  -1.7825950e+00  -1.0935910e+00   1.0000000e+00
   1.8846460e+00  -8.7012400e-01   1.0000000e+00
   2.9748900e-01   9.0285300e-01   0.0000000e+00
   2.9777200e-01  -1.4191900e+00   1.0000000e+00
   3.0861600e-01   1.3816640e+00   1.0000000e+00
   4.0368000e-01   1.0604150e+00   1.0000000e+00
  -1.4559350e+00   1.2425290e+00   1.0000000e+00
  -1.8602680e+00   1.5983640e+00   1.0000000e+00
  -3.4465300e-01   1.5443480e+00   1.0000000e+00
  -9.0820300e-01  -1.9375300e+00   1.0000000e+00
   7.5859400e-01   2.2331600e-01   0.0000000e+00
   1.9423630e+00   1.1144410e+00   1.0000000e+00
  -1.0123380e+00  -1.6828910e+00   1.0000000e+00
   1.0653930e+00  -1.0315000e+00   1.0000000e+00
   6.6663900e-01  -1.7830000e-01   0.0000000e+00
   1.4526600e-01  -1.3922300e-01   0.0000000e+00
   1.6020980e+00   1.5566210e+00   1.0000000e+00
   6.6768200e-01  -9.2227400e-01   1.0000000e+00
   1.7353900e-01  -1.5005780e+00   1.0000000e+00
  -1.6429130e+00  -1.0543950e+00   1.0000000e+00
  -1.8888470e+00  -9.7209000e-01   1.0000000e+00
   1.8391710e+00  -1.6818480e+00   1.0000000e+00
   9.2897300e-01   6.8043200e-01   1.0000000e+00
   1.5626400e+00   9.9390000e-02   1.0000000e+00
   1.5810120e+00   7.3556700e-01   1.0000000e+00
   1.1772970e+00  -3.4091000e-02   1.0000000e+00
   1.4087100e-01  -8.7028600e-01   0.0000000e+00
  -6.3039700e-01   9.6484000e-02   0.0000000e+00
  -8.7686200e-01   1.6992720e+00   1.0000000e+00
  -1.0215400e-01   1.0118730e+00   1.0000000e+00
  -1.9656810e+00  -1.2598000e-02   1.0000000e+00
  -3.0079900e-01   1.5694030e+00   1.0000000e+00
   8.7194700e-01   1.6665640e+00   1.0000000e+00
  -3.5785600e-01  -1.7980300e-01   0.0000000e+00
   4.1828500e-01  -6.9476400e-01   0.0000000e+00
   3.6352900e-01  -6.5284100e-01   0.0000000e+00
   1.9144240e+00  -9.7371700e-01   1.0000000e+00
  -8.9609200e-01  -1.0601530e+00   1.0000000e+00
  -1.8288550e+00  -5.6014600e-01   1.0000000e+00
   1.4826130e+00  -8.6638200e-01   1.0000000e+00
   1.5513770e+00   1.9426280e+00   1.0000000e+00
  -5.1219800e-01  -3.1513000e-02   0.0000000e+00
  -1.4045040e+00   7.6311000e-01   1.0000000e+00
  -1.3227390e+00  -1.3824190e+00   1.0000000e+00
  -1.3487080e+00  -2.2680300e-01   1.0000000e+00
   3.8088200e-01  -1.3578250e+00   1.0000000e+00
   1.4058620e+00  -3.9430300e-01   1.0000000e+00
  -1.8235490e+00   3.8687500e-01   1.0000000e+00
   3.6044400e-01   1.3791090e+00   1.0000000e+00
  -1.0088300e+00   1.6358030e+00   1.0000000e+00
  -1.1260450e+00  -1.4233800e+00   1.0000000e+00
   9.1378000e-01   2.4117000e-01   0.0000000e+00
  -1.2676740e+00  -4.4690700e-01   1.0000000e+00
  -1.5722490e+00  -7.8969300e-01   1.0000000e+00
  -1.8757000e-01   9.9714000e-01   1.0000000e+00
  -1.2251390e+00   1.9016410e+00   1.0000000e+00
  -5.1216400e-01  -5.7399700e-01   0.0000000e+00
  -1.2649580e+00   2.3337000e-02   1.0000000e+00
   1.5470770e+00   1.1818440e+00   1.0000000e+00
  -1.1460540e+00   7.5152800e-01   1.0000000e+00
   1.7109900e-01  -9.5021300e-01   0.0000000e+00
  -1.3389000e+00   5.0554900e-01   1.0000000e+00
  -2.0690900e-01  -8.5499900e-01   0.0000000e+00
   1.2904330e+00  -1.4767330e+00   1.0000000e+00
  -1.0983500e-01   1.0393110e+00   1.0000000e+00
   1.5180260e+00   5.6465100e-01   1.0000000e+00
   6.2564500e-01   6.4404000e-02   0.0000000e+00
   1.9163700e-01   7.8787900e-01   0.0000000e+00
   7.4243000e-02  -2.2978900e-01   0.0000000e+00
  -2.9856900e-01  -1.2958860e+00   1.0000000e+00
   1.2484750e+00   1.8150310e+00   1.0000000e+00
   5.6812000e-01  -1.9141530e+00   1.0000000e+00
  -1.2629100e+00   2.9118900e-01   1.0000000e+00
   1.9908150e+00   1.9814510e+00   1.0000000e+00
  -4.6450000e-02  -1.3289000e+00   1.0000000e+00
   3.6942000e-02   2.1066000e-02   0.0000000e+00
   1.0567040e+00  -3.6251600e-01   1.0000000e+00
   6.9835800e-01   1.7527740e+00   1.0000000e+00
   9.0116700e-01  -3.3708000e-02   0.0000000e+00
  -1.1109590e+00   8.1078900e-01   1.0000000e+00
  -4.6766000e-01  -5.4527300e-01   0.0000000e+00
  -6.1534700e-01  -6.0107100e-01   0.0000000e+00
   1.3673920e+00   1.7458620e+00   1.0000000e+00
   1.9010650e+00   8.9794400e-01   1.0000000e+00
  -8.7130300e-01   1.3157670e+00   1.0000000e+00
   1.9022850e+00  -4.6405000e-02   1.0000000e+00
   4.0868200e-01   2.7065700e-01   0.0000000e+00
  -1.2522200e+00   9.1688000e-01   1.0000000e+00
  -1.4668200e-01   6.6830700e-01   0.0000000e+00
  -1.5033310e+00  -1.0032280e+00   1.0000000e+00
   7.9986000e-01  -7.9957600e-01   1.0000000e+00
   1.0336580e+00  -7.9228000e-02   1.0000000e+00
  -8.1009000e-02   1.8306500e+00   1.0000000e+00
   7.3248400e-01   5.8565600e-01   0.0000000e+00
   8.7219800e-01   7.2237400e-01   1.0000000e+00
  -1.1488680e+00   1.7697520e+00   1.0000000e+00
  -1.4383190e+00   1.9920120e+00   1.0000000e+00
  -7.7230000e-02  -3.2882000e-01   0.0000000e+00
   1.9976290e+00   1.0630430e+00   1.0000000e+00
   1.5231900e+00  -2.1135700e-01   1.0000000e+00
  -1.8442970e+00   6.9618300e-01   1.0000000e+00
   1.7945340e+00  -1.6219650e+00   1.0000000e+00
   1.5714420e+00   7.4199400e-01   1.0000000e+00
  -1.1507000e+00  -8.6167900e-01   1.0000000e+00
   1.9277950e+00  -1.0624300e+00   1.0000000e+00
  -9.8181200e-01  -9.6302800e-01   1.0000000e+00
   5.0742600e-01   1.8776370e+00   1.0000000e+00
   7.5068000e-02   1.1431260e+00   1.0000000e+00
  -2.0636000e-02   8.2436500e-01   0.0000000e+00
  -1.0135850e+00   1.9292950e+00   1.0000000e+00
  -1.7449760e+00   7.6477500e-01   1.0000000e+00
  -1.3262260e+00  -1.1824460e+00   1.0000000e+00
   6.5950500e-01   5.4988000e-02   0.0000000e+00
   8.2431300e-01  -1.1308500e-01   0.0000000e+00
   1.4322810e+00  -1.2286500e-01   1.0000000e+00
  -9.2069700e-01   1.7927190e+00   1.0000000e+00
  -1.9101230e+00   3.7401200e-01   1.0000000e+00
   2.3252100e-01  -1.3585080e+00   1.0000000e+00
  -1.2040990e+00   1.8646250e+00   1.0000000e+00
   1.6809650e+00   4.1914900e-01   1.0000000e+00
  -8.9960800e-01   1.1005200e+00   1.0000000e+00
  -1.0841590e+00   3.3756200e-01   1.0000000e+00
   7.2599000e-02   7.7430500e-01   0.0000000e+00
  -9.7576000e-01   1.3131850e+00   1.0000000e+00
  -1.9354060e+00  -1.1238230e+00   1.0000000e+00
   1.9059430e+00  -9.9981400e-01   1.0000000e+00
   1.5951200e+00   3.7445100e-01   1.0000000e+00
   1.8368410e+00  -1.3256610e+00   1.0000000e+00
   1.3781040e+00   6.5016600e-01   1.0000000e+00
  -4.7613900e-01   9.2567500e-01   1.0000000e+00
  -1.6415930e+00  -1.4322070e+00   1.0000000e+00
   9.3095000e-01  -3.1686900e-01   0.0000000e+00
   7.3029400e-01  -1.1473500e+00   1.0000000e+00
  -2.5932500e-01  -8.7332100e-01   0.0000000e+00
  -1.4271850e+00   7.4102500e-01   1.0000000e+00
  -7.7157900e-01   1.0509340e+00   1.0000000e+00
   7.2126600e-01  -5.8007200e-01   0.0000000e+00
   1.5780000e-02   3.9081400e-01   0.0000000e+00
   9.3862900e-01  -1.3118200e+00   1.0000000e+00
   5.9208100e-01  -1.0068320e+00   1.0000000e+00
  -1.7286760e+00  -1.7895570e+00   1.0000000e+00
   1.9787900e+00  -1.3339960e+00   1.0000000e+00
  -1.2753890e+00   1.1768360e+00   1.0000000e+00
  -1.5817500e-01  -1.7502490e+00   1.0000000e+00
   2.4296600e-01  -1.6225440e+00   1.0000000e+00
   6.2477100e-01  -2.6398000e-01   0.0000000e+00
   1.2488790e+00  -1.9528900e+00   1.0000000e+00
   1.1054550e+00  -1.3123330e+00   1.0000000e+00
  -8.1371100e-01   1.9254930e+00   1.0000000e+00
  -1.2790510e+00   1.7402200e-01   1.0000000e+00
   1.3676580e+00   1.6617710e+00   1.0000000e+00
   6.1782400e-01   1.8936230e+00   1.0000000e+00
   4.3175200e-01  -1.5101520e+00   1.0000000e+00
  -9.0177000e-02  -1.9779340e+00   1.0000000e+00
   4.4631600e-01  -1.9431450e+00   1.0000000e+00
  -4.8687400e-01   1.8925790e+00   1.0000000e+00
   1.4653770e+00  -5.5909300e-01   1.0000000e+00
  -7.8945000e-02  -2.2255100e-01   0.0000000e+00
  -1.5592900e-01  -2.7416000e-01   0.0000000e+00
  -7.9349200e-01  -1.1791150e+00   1.0000000e+00
   2.1878400e-01  -1.1770400e-01   0.0000000e+00
   3.0384100e-01   7.6481700e-01   0.0000000e+00
  -1.4232220e+00  -2.1475500e-01   1.0000000e+00
   8.8489800e-01  -3.3013300e-01   0.0000000e+00
  -1.1996520e+00  -1.0788620e+00   1.0000000e+00
  -8.8186200e-01   1.4415770e+00   1.0000000e+00
   7.9457500e-01   1.7600910e+00   1.0000000e+00
  -1.2375830e+00  -7.3457000e-01   1.0000000e+00
  -3.1228100e-01   1.8823590e+00   1.0000000e+00
  -1.1692450e+00   1.5528510e+00   1.0000000e+00
  -1.4452530e+00   1.2882360e+00   1.0000000e+00
   1.2550430e+00   5.7848500e-01   1.0000000e+00
  -6.8617100e-01   1.3399800e+00   1.0000000e+00
  -7.7659000e-02  -1.8104590e+00   1.0000000e+00
  -1.7320330e+00   3.6545600e-01   1.0000000e+00
  -1.6718160e+00   1.9696430e+00   1.0000000e+00
  -7.3016300e-01  -9.7425300e-01   1.0000000e+00
  -7.4168700e-01  -1.5752710e+00   1.0000000e+00
  -6.4762200e-01  -1.0287240e+00   1.0000000e+00
   6.1612100e-01  -7.0862000e-01   0.0000000e+00
  -3.1911800e-01   2.3242800e-01   0.0000000e+00
   1.3283370e+00  -8.1469600e-01   1.0000000e+00
   1.4968580e+00   8.3471600e-01   1.0000000e+00
   1.9877100e-01  -2.5671300e-01   0.0000000e+00
  -6.4794300e-01   1.3847200e+00   1.0000000e+00
   1.6793100e-01  -1.0036770e+00   1.0000000e+00
  -9.9710600e-01   1.2841930e+00   1.0000000e+00
  -5.2731100e-01   1.3026840e+00   1.0000000e+00
   1.3988670e+00  -9.7963100e-01   1.0000000e+00
   1.4610520e+00   9.3456600e-01   1.0000000e+00
  -1.7035500e+00   6.5535300e-01   1.0000000e+00
   1.7799390e+00   1.1437490e+00   1.0000000e+00
  -1.9387300e+00   1.0152190e+00   1.0000000e+00
  -1.6829130e+00   1.9893210e+00   1.0000000e+00
   1.0153780e+00   1.0815990e+00   1.0000000e+00
  -5.0853800e-01   1.5249130e+00   1.0000000e+00
  -1.1622980e+00  -5.9778500e-01   1.0000000e+00
   1.3450200e+00   1.2393550e+00   1.0000000e+00
   1.4323700e+00   1.8812920e+00   1.0000000e+00
   1.0908950e+00  -1.0517130e+00   1.0000000e+00
  -6.0763400e-01  -3.0933500e-01   0.0000000e+00
   1.8704420e+00   1.9858640e+00   1.0000000e+00
  -6.9961700e-01   4.4709300e-01   0.0000000e+00
   2.5643400e-01  -1.9260210e+00   1.0000000e+00
  -1.1144440e+00   1.8328230e+00   1.0000000e+00
   3.4833700e-01  -1.7806740e+00   1.0000000e+00
  -7.3317100e-01   1.8742010e+00   1.0000000e+00
   8.1980800e-01  -3.3582200e-01   0.0000000e+00
  -1.7129250e+00   1.4040880e+00   1.0000000e+00
  -1.6358620e+00   1.5499400e+00   1.0000000e+00
  -1.2610490e+00  -7.2954000e-02   1.0000000e+00
  -1.2297290e+00  -1.6390230e+00   1.0000000e+00
  -1.3741080e+00  -3.4539000e-02   1.0000000e+00
  -9.1055200e-01   5.0894000e-01   1.0000000e+00
  -1.2691250e+00   4.2077100e-01   1.0000000e+00
  -1.8587960e+00   3.1775800e-01   1.0000000e+00
  -1.7161590e+00   6.9052500e-01   1.0000000e+00
  -1.9102110e+00  -4.3686800e-01   1.0000000e+00
   4.5309900e-01  -1.8401840e+00   1.0000000e+00
  -9.1623600e-01  -1.6460960e+00   1.0000000e+00
  -1.2130500e-01   1.9656150e+00   1.0000000e+00
  -1.2971160e+00  -9.4842900e-01   1.0000000e+00
   1.2443730e+00  -1.8253960e+00   1.0000000e+00
  -1.9226740e+00   9.5301700e-01   1.0000000e+00
   5.2983000e-02  -5.8524700e-01   0.0000000e+00
   1.6709830e+00   1.0516020e+00   1.0000000e+00
   9.9287300e-01   1.1364390e+00   1.0000000e+00
   1.1185830e+00  -1.8868440e+00   1.0000000e+00
  -5.3811500e-01   1.2135290e+00   1.0000000e+00
   1.8526220e+00   1.6541690e+00   1.0000000e+00
  -5.8012600e-01   1.8212610e+00   1.0000000e+00
   1.4942800e+00   1.7471760e+00   1.0000000e+00
   9.3943900e-01   1.5436350e+00   1.0000000e+00
  -3.1049700e-01   1.3443820e+00   1.0000000e+00
   5.6993000e-02   1.6430740e+00   1.0000000e+00
  -6.5666200e-01   2.7217400e-01   0.0000000e+00
  -1.5417670e+00   1.5241650e+00   1.0000000e+00
   1.1470230e+00  -1.1575290e+00   1.0000000e+00
  -9.8656000e-02   1.1431280e+00   1.0000000e+00
  -1.4254820e+00  -3.2195400e-01   1.0000000e+00
  -5.4176000e-02   5.2393800e-01   0.0000000e+00
   1.6277560e+00   1.9804840e+00   1.0000000e+00
  -2.4167300e-01  -1.4287620e+00   1.0000000e+00
   6.3018800e-01  -5.2451500e-01   0.0000000e+00
  -1.5773900e-01  -1.9326490e+00   1.0000000e+00
  -1.5363500e+00   6.2759000e-02   1.0000000e+00
  -6.0353500e-01   4.7089100e-01   0.0000000e+00
  -8.0864700e-01  -1.4119080e+00   1.0000000e+00
  -1.9797640e+00  -1.5702950e+00   1.0000000e+00
  -1.3336950e+00   1.8301720e+00   1.0000000e+00
   1.4983640e+00   1.6038510e+00   1.0000000e+00
   9.4036900e-01   1.2063840e+00   1.0000000e+00
  -1.7204080e+00  -1.6462060e+00   1.0000000e+00
  -1.4030940e+00  -1.8992840e+00   1.0000000e+00
   1.7584630e+00   1.3390730e+00   1.0000000e+00
   1.5237380e+00  -1.4105990e+00   1.0000000e+00
  -7.0131000e-01   1.7019370e+00   1.0000000e+00
  -1.4708700e-01   1.7338680e+00   1.0000000e+00
   8.7131800e-01  -1.5715640e+00   1.0000000e+00
  -2.8620400e-01   1.5104490e+00   1.0000000e+00
   1.4376600e-01  -3.7468200e-01   0.0000000e+00
   1.8011350e+00  -1.4434030e+00   1.0000000e+00
  -7.8360000e-03   1.1869160e+00   1.0000000e+00
   1.2700380e+00  -1.4683650e+00   1.0000000e+00
   9.4290900e-01  -4.7192000e-02   0.0000000e+00
  -1.3672030e+00   1.0348970e+00   1.0000000e+00
   1.1665000e+00   1.8267260e+00   1.0000000e+00
  -1.9452670e+00   1.7693260e+00   1.0000000e+00
   8.9395800e-01  -7.1182000e-01   1.0000000e+00
  -3.0229000e-02   1.6960540e+00   1.0000000e+00
  -6.5038200e-01   5.0707500e-01   0.0000000e+00
   1.0192680e+00   5.7869100e-01   1.0000000e+00
   8.2596500e-01   4.4505100e-01   0.0000000e+00
  -2.2975400e-01  -1.8084380e+00   1.0000000e+00
   1.2863720e+00   7.0716900e-01   1.0000000e+00
   1.2641070e+00   1.8638020e+00   1.0000000e+00
   1.2646920e+00   1.6964350e+00   1.0000000e+00
   4.2420000e-03  -3.3498900e-01   0.0000000e+00
  -1.3451170e+00  -7.1212500e-01   1.0000000e+00
   3.3609100e-01  -1.5035080e+00   1.0000000e+00
   1.6364810e+00   9.9343600e-01   1.0000000e+00
  -8.4147900e-01  -7.2935900e-01   1.0000000e+00
  -5.8324000e-01  -1.8818800e+00   1.0000000e+00
  -6.8082800e-01   9.1883600e-01   1.0000000e+00
   9.0822800e-01   7.3103800e-01   1.0000000e+00
   7.9342400e-01   5.7902000e-02   0.0000000e+00
  -8.8493200e-01   1.2318990e+00   1.0000000e+00
   1.4686190e+00   1.5814150e+00   1.0000000e+00
  -1.6588020e+00   1.9697350e+00   1.0000000e+00
  -1.7267420e+00  -3.8189800e-01   1.0000000e+00
   1.8730110e+00  -1.0475160e+00   1.0000000e+00
   5.0030100e-01  -1.4520590e+00   1.0000000e+00
   1.0807220e+00  -2.6801400e-01   1.0000000e+00
  -1.4184470e+00   1.3609010e+00   1.0000000e+00
  -7.4460000e-01   7.3440300e-01   1.0000000e+00
  -1.9973770e+00  -7.8507400e-01   1.0000000e+00
   2.3782600e-01  -5.1137000e-01   0.0000000e+00
   1.6884890e+00  -1.2877730e+00   1.0000000e+00
  -2.1871300e-01  -5.6496900e-01   0.0000000e+00
  -6.0293900e-01  -9.7696900e-01   1.0000000e+00
   5.2245000e-02  -4.6350400e-01   0.0000000e+00
  -1.6428740e+00  -1.2151510e+00   1.0000000e+00
   1.0551340e+00  -2.0952100e-01   1.0000000e+00
  -4.4642700e-01  -1.6696230e+00   1.0000000e+00
  -1.4086300e+00  -9.5471100e-01   1.0000000e+00
  -4.5973200e-01  -1.0961500e-01   0.0000000e+00
  -9.0995400e-01  -2.6895400e-01   0.0000000e+00
  -8.0301100e-01  -1.9182080e+00   1.0000000e+00
  -1.9538690e+00  -1.3660830e+00   1.0000000e+00
  -1.0444960e+00   6.4647200e-01   1.0000000e+00
  -1.5242500e-01   3.3991300e-01   0.0000000e+00
  -1.4366420e+00  -1.2752140e+00   1.0000000e+00
  -4.9674000e-01  -6.0289500e-01   0.0000000e+00
  -1.8953400e-01   5.0865900e-01   0.0000000e+00
   1.0738300e-01   4.7762000e-02   0.0000000e+00
   2.0559900e-01   1.3667370e+00   1.0000000e+00
  -6.7050700e-01  -1.5908930e+00   1.0000000e+00
  -1.1401760e+00   1.8455160e+00   1.0000000e+00
  -1.4034960e+00  -1.3839830e+00   1.0000000e+00
   2.4182800e-01   9.3982100e-01   0.0000000e+00
  -6.8544200e-01   1.9696880e+00   1.0000000e+00
   6.1470400e-01  -1.2096100e-01   0.0000000e+00
   1.1656200e+00  -1.4345200e-01   1.0000000e+00
   1.2435970e+00   4.4160100e-01   1.0000000e+00
   7.3171300e-01   1.8387190e+00   1.0000000e+00
  -8.6974100e-01  -8.7217200e-01   1.0000000e+00
   8.2640000e-02   1.7327070e+00   1.0000000e+00
   2.0723800e-01  -9.7941700e-01   1.0000000e+00
  -7.3505000e-02   1.1287350e+00   1.0000000e+00
  -1.4303560e+00  -7.6775900e-01   1.0000000e+00
  -6.3255200e-01  -9.1521100e-01   1.0000000e+00
   1.4596980e+00  -1.4135010e+00   1.0000000e+00
  -1.0129900e+00   1.9332440e+00   1.0000000e+00
  -1.2541040e+00  -1.7489630e+00   1.0000000e+00
   1.0518200e-01   9.8776800e-01   0.0000000e+00
  -4.6957000e-01  -7.8766100e-01   0.0000000e+00
   1.3773160e+00   7.4571000e-01   1.0000000e+00
   8.3604000e-01   5.7840600e-01   1.0000000e+00
   7.4057100e-01  -1.5258300e+00   1.0000000e+00
  -7.6066400e-01  -2.5748900e-01   0.0000000e+00
  -1.9422220e+00  -8.7907300e-01   1.0000000e+00
  -7.0569200e-01  -1.4803770e+00   1.0000000e+00
   9.9820800e-01   1.7640300e-01   1.0000000e+00
  -1.1072100e+00  -6.7570900e-01   1.0000000e+00
   1.8214560e+00  -1.7428090e+00   1.0000000e+00
  -1.9377480e+00  -1.6497800e+00   1.0000000e+00
   1.2495770e+00  -3.6209000e-01   1.0000000e+00
  -1.2114950e+00   9.2655800e-01   1.0000000e+00
  -9.8431400e-01   1.3784600e+00   1.0000000e+00
  -2.0138000e-01  -3.6703100e-01   0.0000000e+00
   3.3064200e-01   7.9369500e-01   0.0000000e+00
   3.7482400e-01  -2.7001200e-01   0.0000000e+00
   1.8680100e+00  -1.1309230e+00   1.0000000e+00
  -9.5791000e-02   8.7501700e-01   0.0000000e+00
   4.8727000e-01  -3.5782300e-01   0.0000000e+00
   4.6884800e-01   1.6720430e+00   1.0000000e+00
   4.7031400e-01   5.7942200e-01   0.0000000e+00
  -5.0380200e-01  -4.6701200e-01   0.0000000e+00
   7.7829000e-01  -5.7798000e-01   0.0000000e+00
  -7.8129000e-01  -1.3302950e+00   1.0000000e+00
  -4.8482300e-01   3.0598600e-01   0.0000000e+00
   1.0266190e+00   7.6524400e-01   1.0000000e+00
   2.8101000e-02   4.3035400e-01   0.0000000e+00
   4.6019600e-01   1.7857420e+00   1.0000000e+00
  -3.9167000e-01   1.0295870e+00   1.0000000e+00
  -1.2080210e+00  -1.1668940e+00   1.0000000e+00
   1.6899000e-02   4.5199600e-01   0.0000000e+00
  -1.1954400e-01   8.1935700e-01   0.0000000e+00
  -1.4430410e+00   1.4152630e+00   1.0000000e+00
  -1.2887800e-01  -3.4105000e-02   0.0000000e+00
  -8.0072000e-02   1.4495120e+00   1.0000000e+00
  -1.8313590e+00   7.3271700e-01   1.0000000e+00
  -1.6348490e+00  -1.5121080e+00   1.0000000e+00
  -7.2641400e-01   1.7535600e+00   1.0000000e+00
   1.9814630e+00  -1.9723620e+00   1.0000000e+00
   4.7349700e-01  -1.3499210e+00   1.0000000e+00
   1.0231020e+00   5.2569000e-01   1.0000000e+00
  -8.9551200e-01  -1.1761340e+00   1.0000000e+00
   1.3588600e-01   7.2655500e-01   0.0000000e+00
  -1.9096570e+00   2.0141400e-01   1.0000000e+00
   1.2939920e+00   1.1317540e+00   1.0000000e+00
  -1.0361220e+00  -9.1651900e-01   1.0000000e+00
   6.0842200e-01  -1.0021280e+00   1.0000000e+00
   5.1564700e-01   1.7418870e+00   1.0000000e+00
  -1.3613750e+00  -1.4001720e+00   1.0000000e+00
   1.0284140e+00  -1.1071980e+00   1.0000000e+00
  -6.7265200e-01   2.7801500e-01   0.0000000e+00
  -1.0548790e+00   6.7519500e-01   1.0000000e+00
   8.4310700e-01  -8.5686100e-01   1.0000000e+00
  -6.9090100e-01   9.7132000e-02   0.0000000e+00
   6.0564000e-02  -1.1186750e+00   1.0000000e+00
  -2.7156000e-01   2.6244600e-01   0.0000000e+00
   1.1951700e+00  -5.4083800e-01   1.0000000e+00
   1.7146600e-01  -3.9536000e-02   0.0000000e+00
   1.6713430e+00  -2.4257700e-01   1.0000000e+00
  -1.4429020e+00   1.7373960e+00   1.0000000e+00
   1.6060280e+00   1.7798790e+00   1.0000000e+00
  -8.9487400e-01   1.3956640e+00   1.0000000e+00
   1.7747420e+00  -1.5939840e+00   1.0000000e+00
  -1.7398360e+00   1.3001270e+00   1.0000000e+00
   2.0395100e-01  -8.4970300e-01   0.0000000e+00
  -1.9515240e+00   1.0922900e-01   1.0000000e+00
  -1.4399410e+00  -1.5880950e+00   1.0000000e+00
   1.4241610e+00  -1.9416100e-01   1.0000000e+00
   5.5467800e-01  -7.9234800e-01   0.0000000e+00
   1.3195350e+00   4.6421200e-01   1.0000000e+00
   7.9624900e-01  -5.6555000e-01   0.0000000e+00
  -1.4408570e+00   4.4504700e-01   1.0000000e+00
   6.7574800e-01   1.4126470e+00   1.0000000e+00
  -1.3328900e-01   1.4155060e+00   1.0000000e+00
   1.7037950e+00   1.8609600e-01   1.0000000e+00
   1.5405530e+00   5.5543600e-01   1.0000000e+00
   8.2784400e-01  -7.3620500e-01   1.0000000e+00
   5.7361000e-01  -1.6884560e+00   1.0000000e+00
  -9.7383000e-01  -1.9531810e+00   1.0000000e+00
   8.1419000e-01   5.4906300e-01   0.0000000e+00
   9.4246700e-01  -7.5462000e-02   0.0000000e+00
   1.0551700e+00  -1.8144340e+00   1.0000000e+00
  -4.2099800e-01   2.0199000e-01   0.0000000e+00
  -1.7508990e+00  -6.2875500e-01   1.0000000e+00
   8.0103500e-01  -1.9191610e+00   1.0000000e+00
  -4.1754100e-01   5.7834500e-01   0.0000000e+00
   1.3423430e+00   1.9840700e-01   1.0000000e+00
  -1.0231080e+00  -3.4040100e-01   1.0000000e+00
   1.8448580e+00   1.2187560e+00   1.0000000e+00
   1.6269000e+00  -1.3656970e+00   1.0000000e+00
  -7.2509400e-01   1.0087150e+00   1.0000000e+00
   1.0689790e+00  -5.0486000e-02   1.0000000e+00
   1.0216380e+00  -3.1869100e-01   1.0000000e+00
   3.8617300e-01   7.2495100e-01   0.0000000e+00
  -1.4290890e+00   1.9773380e+00   1.0000000e+00
  -1.8123740e+00   1.9323010e+00   1.0000000e+00
   1.4519790e+00   1.9925530e+00   1.0000000e+00
   3.6985200e-01   7.9620000e-02   0.0000000e+00
  -1.6813990e+00   6.5863500e-01   1.0000000e+00
  -1.0115550e+00   1.2419260e+00   1.0000000e+00
   1.3879180e+00  -1.0909540e+00   1.0000000e+00
  -1.7108390e+00   6.8466500e-01   1.0000000e+00
   1.2583010e+00   7.4261000e-02   1.0000000e+00
   1.5372540e+00  -1.0346400e+00   1.0000000e+00
  -5.1902200e-01  -2.4656100e-01   0.0000000e+00
   1.2013790e+00   4.9054600e-01   1.0000000e+00
   1.2426990e+00   6.5313400e-01   1.0000000e+00
  -1.2857980e+00   6.1259000e-01   1.0000000e+00
   7.7717500e-01   1.6787330e+00   1.0000000e+00
   6.4390900e-01   4.2862200e-01   0.0000000e+00
   1.9602500e+00  -1.7721010e+00   1.0000000e+00
  -4.6594100e-01  -3.3887800e-01   0.0000000e+00
   9.2202100e-01  -1.0794300e-01   0.0000000e+00
  -1.6952030e+00  -8.6829900e-01   1.0000000e+00
  -1.7014950e+00  -9.1524600e-01   1.0000000e+00
   1.3954000e-01   3.3276400e-01   0.0000000e+00
  -4.6062300e-01   1.4149800e-01   0.0000000e+00
  -4.9909600e-01  -5.6346300e-01   0.0000000e+00
   1.8916790e+00   1.9279800e-01   1.0000000e+00
   8.5230000e-01  -1.6363080e+00   1.0000000e+00
  -6.1643600e-01  -8.5290700e-01   1.0000000e+00
  -1.0249800e+00  -3.2770000e-02   1.0000000e+00
   1.0226320e+00   2.3964100e-01   1.0000000e+00
   1.5395390e+00  -3.1486100e-01   1.0000000e+00
  -6.1370800e-01   4.4705000e-02   0.0000000e+00
  -1.7063430e+00  -4.1630900e-01   1.0000000e+00
   2.1117400e-01  -1.4051440e+00   1.0000000e+00
  -3.3324200e-01   1.5383840e+00   1.0000000e+00
  -1.1021050e+00  -5.8137100e-01   1.0000000e+00
  -8.7088000e-02   3.2930400e-01   0.0000000e+00
  -2.7790000e-03   3.5347900e-01   0.0000000e+00
   4.1165500e-01   5.1881200e-01   0.0000000e+00
  -8.5679000e-01   4.1884100e-01   0.0000000e+00
   1.5828200e-01   8.3429500e-01   0.0000000e+00
   7.8049000e-02   8.8573800e-01   0.0000000e+00
  -8.7235000e-02  -3.5002800e-01   0.0000000e+00
   3.2383400e-01  -1.2576420e+00   1.0000000e+00
  -4.3665700e-01  -1.9043940e+00   1.0000000e+00
   1.6822430e+00  -3.7662500e-01   1.0000000e+00
   7.0556200e-01   1.4637060e+00   1.0000000e+00
  -8.3413800e-01   1.4994510e+00   1.0000000e+00
   1.8545190e+00   1.2247450e+00   1.0000000e+00
  -1.9344460e+00   1.8555800e-01   1.0000000e+00
  -1.1117320e+00   7.5884700e-01   1.0000000e+00
   1.3149080e+00   7.1585500e-01   1.0000000e+00
   1.1153470e+00   1.2496580e+00   1.0000000e+00
  -7.8913400e-01  -1.4776070e+00   1.0000000e+00
   1.4594310e+00  -1.3211360e+00   1.0000000e+00
   1.7092930e+00   8.0680700e-01   1.0000000e+00
   1.0058540e+00  -5.9393400e-01   1.0000000e+00
  -2.3083400e-01   5.1909200e-01   0.0000000e+00
   1.7043700e-01   1.3191430e+00   1.0000000e+00
   1.5004230e+00  -9.6923300e-01   1.0000000e+00
   1.9098780e+00   1.4672900e+00   1.0000000e+00
   3.8219000e-01   1.8043390e+00   1.0000000e+00
   3.4596200e-01  -1.7793600e-01   0.0000000e+00
   1.5320080e+00  -6.9522000e-01   1.0000000e+00
   1.1647080e+00  -1.3689090e+00   1.0000000e+00
   4.9231000e-02   1.2403870e+00   1.0000000e+00
   1.9964900e-01   1.2251500e+00   1.0000000e+00
   5.5806500e-01   7.5162800e-01   0.0000000e+00
  -6.7541600e-01  -1.1048300e+00   1.0000000e+00
  -6.8474700e-01  -6.6591500e-01   0.0000000e+00
  -1.4063550e+00  -1.7991220e+00   1.0000000e+00
   9.0858800e-01  -1.3354340e+00   1.0000000e+00
  -5.2344400e-01  -4.3106600e-01   0.0000000e+00
   4.2569900e-01   1.5726530e+00   1.0000000e+00
  -1.9726460e+00   6.5376600e-01   1.0000000e+00
  -1.4443390e+00  -6.8325700e-01   1.0000000e+00
   1.8573070e+00   1.2984820e+00   1.0000000e+00
   8.8187500e-01  -1.0312850e+00   1.0000000e+00
   1.6613810e+00   1.6294800e+00   1.0000000e+00
   9.1158000e-01  -8.3408300e-01   1.0000000e+00
  -9.2430000e-03   4.9279100e-01   0.0000000e+00
   5.4926100e-01   1.2270310e+00   1.0000000e+00
  -6.1106000e-02  -1.8720540e+00   1.0000000e+00
  -3.5345400e-01   1.5172690e+00   1.0000000e+00
  -9.0473600e-01   1.9541740e+00   1.0000000e+00
   1.5389800e+00   5.9719700e-01   1.0000000e+00
   1.6209510e+00  -4.8532400e-01   1.0000000e+00
  -1.6910200e-01   9.2505100e-01   0.0000000e+00
  -3.2206500e-01   1.6798960e+00   1.0000000e+00
   2.0629900e-01  -1.8515000e-02   0.0000000e+00
   1.1615860e+00  -1.2768300e+00   1.0000000e+00
  -1.7650900e+00  -1.0634600e-01   1.0000000e+00
  -1.3688100e-01  -1.7143400e+00   1.0000000e+00
   1.0981710e+00   1.6652100e+00   1.0000000e+00
   8.1693100e-01   4.7197000e-02   0.0000000e+00
   7.0538100e-01  -9.8172600e-01   1.0000000e+00
   1.1024660e+00  -3.8173100e-01   1.0000000e+00
  -1.8104200e-01   1.8366570e+00   1.0000000e+00
  -1.0969920e+00   6.2840000e-01   1.0000000e+00
   1.7453520e+00   1.0772460e+00   1.0000000e+00
   4.9128600e-01  -1.5418170e+00   1.0000000e+00
   9.3329600e-01  -9.4403000e-01   1.0000000e+00
   1.3455760e+00   1.2450050e+00   1.0000000e+00
   3.7812000e-01   1.0347360e+00   1.0000000e+00
  -4.2084800e-01  -3.0725300e-01   0.0000000e+00
   4.7290000e-01   7.5857500e-01   0.0000000e+00
   7.0866800e-01   7.5048100e-01   1.0000000e+00
  -1.9307170e+00  -1.2689390e+00   1.0000000e+00
   9.5575200e-01  -1.9510720e+00   1.0000000e+00
  -1.7811900e+00  -1.8866380e+00   1.0000000e+00
  -1.0269780e+00  -1.5940700e+00   1.0000000e+00
   9.1635000e-01   1.3722340e+00   1.0000000e+00
  -2.5510200e-01  -1.5858820e+00   1.0000000e+00
  -1.9940280e+00  -7.1724500e-01   1.0000000e+00
  -1.1220890e+00   9.1964700e-01   1.0000000e+00
  -4.4764100e-01  -5.3644700e-01   0.0000000e+00
   8.9741600e-01   4.0749000e-02   0.0000000e+00
   1.0684070e+00  -9.6464600e-01   1.0000000e+00
  -1.0372460e+00   3.0832300e-01   1.0000000e+00
  -1.8580850e+00  -1.2978200e-01   1.0000000e+00
   1.8091970e+00   9.2431000e-01   1.0000000e+00
   1.2193700e-01  -1.5802920e+00   1.0000000e+00
  -1.3583210e+00   1.9188730e+00   1.0000000e+00
  -5.4898800e-01  -3.3846400e-01   0.0000000e+00
  -8.8954500e-01   1.1793680e+00   1.0000000e+00
   3.2281500e-01  -2.7655500e-01   0.0000000e+00
   5.6346400e-01   1.2425670e+00   1.0000000e+00
  -1.5244520e+00  -6.1175000e-02   1.0000000e+00
  -1.8748310e+00   1.5591700e-01   1.0000000e+00
  -7.6663000e-02  -1.9562090e+00   1.0000000e+00
  -1.3835870e+00   4.2100100e-01   1.0000000e+00
   1.7064020e+00  -1.0812960e+00   1.0000000e+00
  -3.5108400e-01   7.6029600e-01   0.0000000e+00
  -3.8462400e-01   6.8002000e-02   0.0000000e+00
  -1.3873090e+00  -1.2146090e+00   1.0000000e+00
   1.5002660e+00   1.3560310e+00   1.0000000e+00
   1.5093420e+00  -1.6101300e+00   1.0000000e+00
  -1.6286210e+00  -9.1635200e-01   1.0000000e+00
  -6.6963000e-01  -2.1801600e-01   0.0000000e+00
   7.7396700e-01   2.9540100e-01   0.0000000e+00
  -1.3164170e+00  -1.5706300e+00   1.0000000e+00
  -6.1631000e-01  -1.5581910e+00   1.0000000e+00
  -5.3971600e-01  -1.9360970e+00   1.0000000e+00
  -6.3335900e-01  -2.9834800e-01   0.0000000e+00
   1.6615510e+00  -7.9806300e-01   1.0000000e+00
  -1.3151450e+00  -9.1206700e-01   1.0000000e+00
  -1.2265060e+00   6.2294000e-01   1.0000000e+00
   1.8648470e+00   1.0644060e+00   1.0000000e+00
  -1.5584200e-01   1.6421760e+00   1.0000000e+00
   9.3951300e-01  -8.3954000e-02   0.0000000e+00
  -1.6528190e+00   1.4960310e+00   1.0000000e+00
  -1.1386580e+00  -1.6677060e+00   1.0000000e+00
   2.8228000e-01   6.9653100e-01   0.0000000e+00
  -7.0573600e-01   9.5951100e-01   1.0000000e+00
   1.8290310e+00  -4.6006200e-01   1.0000000e+00
   3.6157400e-01   6.3570100e-01   0.0000000e+00
  -1.5194330e+00  -1.9222100e+00   1.0000000e+00
  -8.9312600e-01   3.9315800e-01   0.0000000e+00
  -1.4173400e+00  -6.6227400e-01   1.0000000e+00
   8.7655900e-01  -1.5437870e+00   1.0000000e+00
   1.0205820e+00   6.7187500e-01   1.0000000e+00
   1.3917050e+00   1.7222000e-01   1.0000000e+00
  -1.3564940e+00  -1.2904370e+00   1.0000000e+00
  -2.9227900e-01  -4.1628900e-01   0.0000000e+00
   1.2066290e+00  -3.1343000e-02   1.0000000e+00
  -1.1744620e+00  -2.4846500e-01   1.0000000e+00
   6.2775000e-01   5.4146700e-01   0.0000000e+00
  -8.3936400e-01  -1.3890730e+00   1.0000000e+00
   7.4320900e-01   1.7172340e+00   1.0000000e+00
  -7.6483100e-01   1.4806620e+00   1.0000000e+00
   1.7708010e+00  -9.3764400e-01   1.0000000e+00
  -1.0443590e+00   3.6206000e-02   1.0000000e+00
   7.9511900e-01  -3.8218000e-02   0.0000000e+00
  -1.4403210e+00  -1.8338630e+00   1.0000000e+00
  -2.1927200e-01  -3.8136900e-01   0.0000000e+00
   5.8418300e-01  -4.8613300e-01   0.0000000e+00
  -1.6595300e+00  -1.3324500e+00   1.0000000e+00
   4.8055000e-02   1.3980070e+00   1.0000000e+00
  -1.0032900e+00   6.1109800e-01   1.0000000e+00
  -4.9886200e-01   7.5073000e-02   0.0000000e+00
   3.5876200e-01   8.8396700e-01   0.0000000e+00
   1.9807300e+00  -1.6750260e+00   1.0000000e+00
  -1.8465940e+00   1.7107440e+00   1.0000000e+00
  -9.3726000e-01  -1.8639180e+00   1.0000000e+00
  -7.9123500e-01  -1.0939930e+00   1.0000000e+00
  -1.1754270e+00  -6.2000000e-04   1.0000000e+00
   5.3479900e-01  -1.4308680e+00   1.0000000e+00
   8.6233000e-01  -9.9137900e-01   1.0000000e+00
   1.4201200e-01   1.6326030e+00   1.0000000e+00
  -1.7015380e+00   1.5080900e-01   1.0000000e+00
  -1.3865620e+00   1.4340030e+00   1.0000000e+00
   7.3463100e-01   9.3011000e-02   0.0000000e+00
  -6.6487600e-01   1.3982370e+00   1.0000000e+00
   1.3679390e+00  -1.0463820e+00   1.0000000e+00
   1.7919690e+00  -1.5367120e+00   1.0000000e+00
   1.0067360e+00   5.8866800e-01   1.0000000e+00
  -1.8912410e+00  -1.5697380e+00   1.0000000e+00
   9.7639900e-01  -8.5782900e-01   1.0000000e+00
  -6.5297700e-01  -1.6063440e+00   1.0000000e+00
   1.2054090e+00  -8.5483900e-01   1.0000000e+00
  -1.3323870e+00   1.6495780e+00   1.0000000e+00
   5.4675300e-01   5.5331000e-02   0.0000000e+00
  -1.4270330e+00  -9.4067300e-01   1.0000000e+00
   1.2804480e+00  -6.3016000e-01   1.0000000e+00
  -1.2860760e+00  -3.4338000e-02   1.0000000e+00
  -1.2824950e+00   1.1674100e+00   1.0000000e+00
  -1.3932960e+00  -9.7280100e-01   1.0000000e+00
  -2.6151200e-01   4.7464500e-01   0.0000000e+00
   1.5200010e+00   1.9840770e+00   1.0000000e+00
  -1.9200000e-03  -1.9458910e+00   1.0000000e+00
   2.7205300e-01  -1.6494900e-01   0.0000000e+00
  -1.6497650e+00   8.3567000e-02   1.0000000e+00
  -2.2417800e-01   1.5092620e+00   1.0000000e+00
   8.1828500e-01  -1.3949520e+00   1.0000000e+00
   1.9272230e+00  -1.2592790e+00   1.0000000e+00
  -5.6756600e-01   1.7194220e+00   1.0000000e+00
  -1.5387260e+00   1.1366390e+00   1.0000000e+00
  -9.5950000e-01  -1.3615000e+00   1.0000000e+00
   1.9811190e+00   1.7469290e+00   1.0000000e+00
   1.3499970e+00  -1.7384380e+00   1.0000000e+00
   1.0002710e+00  -4.7793300e-01   1.0000000e+00
   1.0582050e+00   7.6815000e-01   1.0000000e+00
   1.9028130e+00  -1.8885020e+00   1.0000000e+00
   1.5343150e+00   1.5494170e+00   1.0000000e+00
   5.6365500e-01   1.6662560e+00   1.0000000e+00
   1.6183490e+00  -2.4602600e-01   1.0000000e+00
   1.2428830e+00  -1.0872210e+00   1.0000000e+00
   4.2415600e-01   4.3659000e-01   0.0000000e+00
   1.4294070e+00   1.7014330e+00   1.0000000e+00
  -1.3724030e+00   5.4243300e-01   1.0000000e+00
  -7.0634900e-01  -1.7807320e+00   1.0000000e+00
   2.5893000e-02   1.9687160e+00   1.0000000e+00
  -4.2692900e-01  -8.1753500e-01   0.0000000e+00
  -8.7717400e-01  -1.0396360e+00   1.0000000e+00
   1.5538790e+00  -4.5652500e-01   1.0000000e+00
  -7.7627400e-01  -9.5555000e-01   1.0000000e+00
   1.3082520e+00  -1.1012140e+00   1.0000000e+00
  -1.2675400e+00  -5.2742600e-01   1.0000000e+00
   1.4042100e+00  -1.3027740e+00   1.0000000e+00
  -8.1571600e-01   1.0724860e+00   1.0000000e+00
  -1.8753380e+00   3.3476600e-01   1.0000000e+00
  -5.1604600e-01  -7.4030300e-01   0.0000000e+00
  -4.5929500e-01   1.6172540e+00   1.0000000e+00
   1.4260780e+00   1.5922360e+00   1.0000000e+00
   1.6901560e+00  -2.6085300e-01   1.0000000e+00
  -9.7297500e-01  -1.7174620e+00   1.0000000e+00
   3.1317100e-01   5.7989400e-01   0.0000000e+00
  -6.9090100e-01   1.3532920e+00   1.0000000e+00
  -1.0163900e-01   1.6149290e+00   1.0000000e+00
   9.7237500e-01   4.8048600e-01   1.0000000e+00
   6.8328300e-01  -3.0001500e-01   0.0000000e+00
  -1.7444370e+00  -1.9764140e+00   1.0000000e+00
   1.6072880e+00   1.8803480e+00   1.0000000e+00
   8.8369900e-01   1.2287000e-01   0.0000000e+00
  -2.2682100e-01  -6.3700200e-01   0.0000000e+00
  -1.3105940e+00   3.6752700e-01   1.0000000e+00
  -3.3624100e-01   1.5651530e+00   1.0000000e+00
  -1.9971380e+00  -1.8613600e-01   1.0000000e+00
   1.8616600e-01   7.7687900e-01   0.0000000e+00
   2.5721100e-01   1.6595070e+00   1.0000000e+00
  -1.7397310e+00  -1.5543010e+00   1.0000000e+00
  -4.5322500e-01  -1.1062650e+00   1.0000000e+00
   1.9860000e-02  -4.7256000e-02   0.0000000e+00
   1.4742910e+00   1.1931190e+00   1.0000000e+00
   9.9405000e-01  -2.3569600e-01   1.0000000e+00
   9.8285600e-01  -1.3216900e+00   1.0000000e+00
   1.3917490e+00   1.5324050e+00   1.0000000e+00
  -1.0516020e+00  -1.8850160e+00   1.0000000e+00
  -6.4988200e-01  -5.6478700e-01   0.0000000e+00
   1.8565240e+00   1.4569150e+00   1.0000000e+00
  -1.4259460e+00   9.4084400e-01   1.0000000e+00
  -1.5858630e+00   6.2401000e-01   1.0000000e+00
   1.6345840e+00  -1.5544000e-02   1.0000000e+00
  -1.5392560e+00  -1.6062260e+00   1.0000000e+00
   9.7747700e-01  -9.4836200e-01   1.0000000e+00
   8.9865900e-01  -1.4353800e-01   0.0000000e+00
  -1.5111170e+00   4.7497000e-02   1.0000000e+00
   1.9396240e+00   3.8593000e-01   1.0000000e+00
  -1.1674230e+00  -1.1753100e-01   1.0000000e+00
  -1.0010250e+00  -3.4529200e-01   1.0000000e+00
  -5.5041000e-02   5.2740000e-02   0.0000000e+00
  -8.2902400e-01  -1.3728030e+00   1.0000000e+00
   8.6599500e-01  -1.0305550e+00   1.0000000e+00
   2.9676800e-01  -1.2173530e+00   1.0000000e+00
   8.4410100e-01   7.9993900e-01   1.0000000e+00
  -1.5967530e+00   1.9012100e-01   1.0000000e+00
  -7.4449600e-01  -1.5944360e+00   1.0000000e+00
   1.7131500e+00  -6.0991200e-01   1.0000000e+00
   1.5717210e+00   1.5352790e+00   1.0000000e+00
   3.9482100e-01  -1.5374540e+00   1.0000000e+00
  -1.3413000e-02   1.4788490e+00   1.0000000e+00
   1.3028070e+00   8.5995500e-01   1.0000000e+00
   1.2631240e+00  -1.3292360e+00   1.0000000e+00
  -1.4351890e+00   1.5312840e+00   1.0000000e+00
   4.1865500e-01  -1.6909730e+00   1.0000000e+00
   1.1622860e+00   8.1229700e-01   1.0000000e+00
   9.9434300e-01   6.7803500e-01   1.0000000e+00
  -1.9607110e+00   7.5235300e-01   1.0000000e+00
  -1.2263930e+00   1.9542390e+00   1.0000000e+00
  -4.6082900e-01  -1.7586650e+00   1.0000000e+00
  -2.4497100e-01   4.8647300e-01   0.0000000e+00
   1.5691830e+00  -5.2941000e-02   1.0000000e+00
   1.7211430e+00  -7.8109700e-01   1.0000000e+00
   4.0945900e-01  -1.4159810e+00   1.0000000e+00
   9.1590300e-01   1.8220230e+00   1.0000000e+00
   1.5774600e+00   1.8419510e+00   1.0000000e+00
  -5.5264300e-01   1.4953410e+00   1.0000000e+00
  -1.1852430e+00   1.0003440e+00   1.0000000e+00
   1.2112400e-01  -4.8043900e-01   0.0000000e+00
   1.7088130e+00   4.7144000e-01   1.0000000e+00
  -1.1602050e+00   8.4160500e-01   1.0000000e+00
   1.9280740e+00  -1.7668460e+00   1.0000000e+00
